# Wavelength (micron)  Signal (photon/sec/pixel)
       1.9210588    0.0050142782
       1.9213591     0.024681712
       1.9216594     0.067189983
       1.9219596      0.15548448
       1.9222599      0.22121824
       1.9225602      0.24335797
       1.9228605      0.23470633
       1.9231608      0.24151259
       1.9234611      0.19629856
       1.9237614     0.086435178
       1.9240618     0.015077401
       1.9243621    0.0096603953
       1.9246624     0.054073829
       1.9249626      0.15310631
       1.9252629      0.26116244
       1.9255632      0.29465214
       1.9258635      0.23942047
       1.9261638      0.18470921
       1.9264641      0.18082282
       1.9267645     0.097417291
       1.9270648     0.021648499
       1.9273651     0.022015121
       1.9276654     0.068053157
       1.9279656      0.12698743
       1.9282659     0.097028706
       1.9285662     0.029995887
       1.9288665     0.047597242
       1.9291668      0.14182614
       1.9294672      0.21041789
       1.9297674      0.21495575
       1.9300678      0.12949213
       1.9303681     0.057417004
       1.9306684     0.066555695
       1.9309686     0.041057809
       1.9312689     0.044134781
       1.9315692     0.081537739
       1.9318695     0.098457604
       1.9321698      0.17641991
       1.9324701      0.24661648
       1.9327705      0.17532519
       1.9330707      0.16961546
       1.9333711      0.24357117
       1.9336714      0.18585291
       1.9339716     0.072082534
       1.9342719     0.073308739
       1.9345722      0.15000475
       1.9348725      0.26373579
       1.9351728      0.32540150
       1.9354732      0.29204858
       1.9357734      0.22766596
       1.9360738      0.20141344
       1.9363741      0.11986080
       1.9366744     0.079582017
       1.9369746      0.16596857
       1.9372749      0.20530340
       1.9375752      0.19716714
       1.9378755      0.12405065
       1.9381758     0.086471635
       1.9384761      0.16798561
       1.9387765      0.17410685
       1.9390768     0.075602810
       1.9393771     0.045965378
       1.9396774     0.041228923
       1.9399776     0.094246801
       1.9402779      0.21176710
       1.9405782      0.23103658
       1.9408785      0.15058162
       1.9411788      0.11804941
       1.9414791     0.093867937
       1.9417794      0.12764367
       1.9420798      0.23689085
       1.9423801      0.32357313
       1.9426804      0.32449566
       1.9429806      0.30015952
       1.9432809      0.28174760
       1.9435812      0.18082579
       1.9438815      0.16165709
       1.9441818      0.19238032
       1.9444821      0.13693466
       1.9447825     0.090838008
       1.9450828      0.12805560
       1.9453831      0.21325207
       1.9456834      0.25329059
       1.9459836      0.23252677
       1.9462839      0.22789880
       1.9465842      0.28092682
       1.9468845      0.25448313
       1.9471848      0.16495957
       1.9474851      0.17079391
       1.9477855      0.21682692
       1.9480858      0.17928846
       1.9483861      0.15047012
       1.9486864      0.20320510
       1.9489866      0.23241345
       1.9492869      0.18303397
       1.9495872      0.20458531
       1.9498875      0.23226129
       1.9501878      0.23624103
       1.9504881      0.23068293
       1.9507884      0.20625954
       1.9510888      0.23047513
       1.9513891      0.28460646
       1.9516894      0.28775974
       1.9519897      0.25328911
       1.9522899      0.21886880
       1.9525902      0.20695558
       1.9528905      0.21193042
       1.9531908      0.14160716
       1.9534911      0.12525752
       1.9537914      0.17597916
       1.9540918      0.14038429
       1.9543921     0.093756932
       1.9546924      0.13210463
       1.9549927      0.16051898
       1.9552929      0.13238932
       1.9555932      0.11229964
       1.9558935      0.14098617
       1.9561938      0.13566153
       1.9564941      0.11746628
       1.9567945      0.13980188
       1.9570947      0.14600131
       1.9573951      0.15865000
       1.9576954      0.14844166
       1.9579957      0.11625957
       1.9582959      0.13183217
       1.9585962      0.16220958
       1.9588965      0.13832595
       1.9591968      0.10838457
       1.9594972      0.13586724
       1.9597974      0.22706684
       1.9600978      0.26346121
       1.9603981      0.29114682
       1.9606984      0.24212331
       1.9609987      0.18479482
       1.9612989      0.23087090
       1.9615992      0.27274997
       1.9618995      0.26532067
       1.9621998      0.23057448
       1.9625001      0.22636780
       1.9628005      0.16754399
       1.9631007      0.17107620
       1.9634011      0.13547606
       1.9637014      0.14556111
       1.9640017      0.14232519
       1.9643019      0.13096687
       1.9646022      0.11448328
       1.9649025      0.15363204
       1.9652028      0.17214171
       1.9655032      0.18662350
       1.9658034      0.20141899
       1.9661038      0.20205912
       1.9664040      0.25009803
       1.9667044      0.23942519
       1.9670047      0.27540425
       1.9673049      0.25081399
       1.9676052      0.26333807
       1.9679055      0.22832302
       1.9682058      0.23810052
       1.9685061      0.27664318
       1.9688065      0.26970751
       1.9691067      0.29801061
       1.9694071      0.26585125
       1.9697074      0.30541032
       1.9700077      0.30304247
       1.9703079      0.30157903
       1.9706082      0.31851184
       1.9709085      0.26804855
       1.9712088      0.26585281
       1.9715091      0.22845741
       1.9718094      0.23255122
       1.9721098      0.25533039
       1.9724100      0.26776257
       1.9727104      0.33310463
       1.9730107      0.32532437
       1.9733109      0.33081734
       1.9736112      0.32865253
       1.9739115      0.27617355
       1.9742118      0.24376773
       1.9745121      0.28332788
       1.9748124      0.34081917
       1.9751127      0.35611383
       1.9754131      0.33614992
       1.9757133      0.32470829
       1.9760137      0.30862911
       1.9763139      0.33695253
       1.9766142      0.36288428
       1.9769145      0.35529104
       1.9772148      0.35269931
       1.9775151      0.33970431
       1.9778154      0.34050437
       1.9781158      0.35859333
       1.9784160      0.35884222
       1.9787164      0.35489677
       1.9790167      0.36472216
       1.9793169      0.34913920
       1.9796172      0.27289891
       1.9799175      0.20698082
       1.9802178      0.24028552
       1.9805181      0.24929100
       1.9808184      0.30843893
       1.9811187      0.35912873
       1.9814191      0.37106818
       1.9817194      0.37224605
       1.9820197      0.37532751
       1.9823200      0.37564298
       1.9826202      0.36033245
       1.9829205      0.33352153
       1.9832208      0.34176916
       1.9835211      0.37342374
       1.9838214      0.38299068
       1.9841217      0.38188749
       1.9844220      0.37834443
       1.9847224      0.37502665
       1.9850227      0.34935658
       1.9853230      0.33122082
       1.9856232      0.36328295
       1.9859235      0.37865951
       1.9862238      0.37836799
       1.9865241      0.35835045
       1.9868244      0.28080938
       1.9871247      0.24002567
       1.9874251      0.32068073
       1.9877254      0.36566353
       1.9880257      0.36951573
       1.9883260      0.37110701
       1.9886262      0.37037602
       1.9889265      0.36455778
       1.9892268      0.36082337
       1.9895271      0.35180532
       1.9898274      0.31512690
       1.9901278      0.26776513
       1.9904280      0.27698997
       1.9907284      0.29634304
       1.9910287      0.31852634
       1.9913290      0.32024638
       1.9916292      0.28900019
       1.9919295      0.25122038
       1.9922298      0.23598576
       1.9925301      0.25150950
       1.9928304      0.28611289
       1.9931307      0.31753440
       1.9934311      0.33677902
       1.9937314      0.34048221
       1.9940317      0.31002231
       1.9943320      0.29858863
       1.9946322      0.32481748
       1.9949325      0.33278313
       1.9952328      0.33134115
       1.9955331      0.31083352
       1.9958334      0.30763105
       1.9961338      0.32296610
       1.9964340      0.31028786
       1.9967344      0.27931853
       1.9970347      0.28121377
       1.9973350      0.29003587
       1.9976352      0.27392675
       1.9979355      0.23134551
       1.9982358      0.19627653
       1.9985361      0.21236327
       1.9988364      0.22128006
       1.9991367      0.21311030
       1.9994371      0.20298117
       1.9997373      0.19123537
       2.0000377      0.18559070
       2.0003378      0.17632203
       2.0006382      0.16176863
       2.0009384      0.14739166
       2.0012388      0.13186482
       2.0015392      0.13052645
       2.0018394      0.13220277
       2.0021398      0.11923957
       2.0024400      0.10660143
       2.0027404     0.093478582
       2.0030406     0.093643959
       2.0033410      0.10808007
       2.0036411      0.10716108
       2.0039415      0.10619180
       2.0042419      0.10815241
       2.0045421      0.10242121
       2.0048425      0.10660005
       2.0051427     0.096971642
       2.0054431     0.099665856
       2.0057433     0.094451417
       2.0060437      0.10476885
       2.0063438      0.11740134
       2.0066442      0.13629708
       2.0069447      0.14252485
       2.0072448      0.14900210
       2.0075452      0.15602882
       2.0078454      0.16407430
       2.0081458      0.17505429
       2.0084460      0.20312183
       2.0087464      0.21576428
       2.0090466      0.25678014
       2.0093470      0.22832283
       2.0096474      0.19520685
       2.0099475      0.18645269
       2.0102477      0.15160162
       2.0105481      0.16465797
       2.0108485      0.13824558
       2.0111487      0.15722879
       2.0114491      0.13998038
       2.0117493      0.14983448
       2.0120497      0.14232323
       2.0123498      0.13472080
       2.0126503      0.14786629
       2.0129504      0.12862882
       2.0132508      0.15865638
       2.0135512      0.12931016
       2.0138514      0.15282167
       2.0141518      0.14856358
       2.0144520      0.14910296
       2.0147524      0.18165904
       2.0150526      0.14218794
       2.0153530      0.17569432
       2.0156531      0.15983630
       2.0159535      0.15857163
       2.0162539      0.18768749
       2.0165541      0.14838433
       2.0168545      0.17023104
       2.0171547      0.16442341
       2.0174551      0.16518202
       2.0177553      0.20345299
       2.0180557      0.16387932
       2.0183558      0.19632108
       2.0186563      0.21118046
       2.0189567      0.18112136
       2.0192568      0.23047407
       2.0195570      0.21812318
       2.0198574      0.21354454
       2.0201578      0.25560801
       2.0204580      0.22480347
       2.0207584      0.23799302
       2.0210586      0.25635532
       2.0213590      0.22134369
       2.0216591      0.26718439
       2.0219595      0.27009332
       2.0222597      0.24125263
       2.0225601      0.29425105
       2.0228605      0.28263276
       2.0231607      0.26222234
       2.0234611      0.30166337
       2.0237613      0.28840392
       2.0240617      0.28783294
       2.0243618      0.31900825
       2.0246623      0.29037738
       2.0249624      0.27921133
       2.0252628      0.29435158
       2.0255632      0.28176096
       2.0258634      0.29150173
       2.0261638      0.32597198
       2.0264640      0.32493616
       2.0267644      0.32514344
       2.0270646      0.34768136
       2.0273650      0.34097617
       2.0276651      0.32961496
       2.0279655      0.33530214
       2.0282660      0.32518821
       2.0285661      0.32047664
       2.0288665      0.33227390
       2.0291667      0.33892119
       2.0294671      0.33205488
       2.0297673      0.34726193
       2.0300677      0.35500848
       2.0303679      0.34806757
       2.0306683      0.35395915
       2.0309684      0.35873173
       2.0312688      0.35687668
       2.0315690      0.35945897
       2.0318694      0.35972596
       2.0321698      0.35242938
       2.0324700      0.34773788
       2.0327704      0.34669657
       2.0330706      0.33793778
       2.0333710      0.33731861
       2.0336711      0.35197237
       2.0339715      0.35667803
       2.0342717      0.35543408
       2.0345721      0.35584232
       2.0348725      0.35736320
       2.0351727      0.35871460
       2.0354731      0.36040045
       2.0357733      0.36115281
       2.0360737      0.36097047
       2.0363739      0.36069168
       2.0366743      0.35977710
       2.0369744      0.35733155
       2.0372748      0.35236873
       2.0375752      0.34434451
       2.0378754      0.33510482
       2.0381758      0.32724958
       2.0384760      0.32517802
       2.0387764      0.32992079
       2.0390766      0.33166401
       2.0393770      0.33082181
       2.0396771      0.33183735
       2.0399776      0.32454397
       2.0402780      0.32267087
       2.0405781      0.33062136
       2.0408785      0.33626318
       2.0411787      0.33663604
       2.0414791      0.33309659
       2.0417793      0.33318125
       2.0420797      0.33214230
       2.0423799      0.33625080
       2.0426803      0.33495604
       2.0429804      0.33541082
       2.0432808      0.33414296
       2.0435810      0.33786159
       2.0438814      0.33622643
       2.0441818      0.33693259
       2.0444820      0.33749160
       2.0447824      0.33954732
       2.0450826      0.33940330
       2.0453830      0.34196433
       2.0456831      0.34419321
       2.0459836      0.34412611
       2.0462837      0.34233678
       2.0465841      0.33763563
       2.0468845      0.33375514
       2.0471847      0.33127209
       2.0474851      0.32475805
       2.0477853      0.31926960
       2.0480857      0.31136538
       2.0483859      0.30730877
       2.0486863      0.30239928
       2.0489864      0.29706681
       2.0492868      0.28791834
       2.0495872      0.28052624
       2.0498874      0.27566824
       2.0501878      0.27124371
       2.0504880      0.26545269
       2.0507884      0.26838888
       2.0510886      0.26145033
       2.0513890      0.25591084
       2.0516891      0.24715887
       2.0519896      0.24731406
       2.0522900      0.24633392
       2.0525901      0.23403453
       2.0528903      0.24481255
       2.0531907      0.22967419
       2.0534911      0.23732652
       2.0537913      0.22016826
       2.0540917      0.23072376
       2.0543919      0.22039558
       2.0546923      0.23367862
       2.0549924      0.22313494
       2.0552928      0.24488476
       2.0555930      0.22763739
       2.0558934      0.24415756
       2.0561938      0.22062862
       2.0564940      0.23218892
       2.0567944      0.21626740
       2.0570946      0.23790538
       2.0573950      0.22192301
       2.0576952      0.24344177
       2.0579956      0.23705619
       2.0582957      0.26019862
       2.0585961      0.25805531
       2.0588965      0.26686630
       2.0591967      0.27642150
       2.0594971      0.28339698
       2.0597973      0.31126457
       2.0600977      0.31769408
       2.0603979      0.33592302
       2.0606983      0.31991597
       2.0609984      0.28204848
       2.0612988      0.28423216
       2.0615993      0.25669730
       2.0618994      0.26766973
       2.0621996      0.25440735
       2.0625000      0.25102208
       2.0628004      0.25729610
       2.0631006      0.23519255
       2.0634010      0.25930370
       2.0637012      0.22923880
       2.0640016      0.25672728
       2.0643017      0.24201971
       2.0646021      0.24826504
       2.0649023      0.25902136
       2.0652027      0.23400305
       2.0655031      0.26766273
       2.0658033      0.23749820
       2.0661037      0.25875948
       2.0664039      0.24758137
       2.0667043      0.23001273
       2.0670044      0.24334670
       2.0673048      0.20976573
       2.0676050      0.23868969
       2.0679054      0.23053476
       2.0682058      0.24363562
       2.0685060      0.28085921
       2.0688064      0.25996481
       2.0691066      0.29442623
       2.0694070      0.26815764
       2.0697072      0.25542301
       2.0700076      0.27123975
       2.0703077      0.24807127
       2.0706081      0.27921216
       2.0709085      0.27336113
       2.0712087      0.27070833
       2.0715091      0.29306183
       2.0718093      0.26571302
       2.0721097      0.27811190
       2.0724099      0.28450264
       2.0727103      0.26879992
       2.0730104      0.28680711
       2.0733109      0.26388858
       2.0736113      0.26628233
       2.0739114      0.28691514
       2.0742118      0.28363104
       2.0745120      0.30105109
       2.0748124      0.30283724
       2.0751126      0.28262308
       2.0754130      0.29874334
       2.0757132      0.29543401
       2.0760136      0.30344957
       2.0763137      0.32493847
       2.0766141      0.32557987
       2.0769143      0.33253652
       2.0772147      0.34473957
       2.0775151      0.33525292
       2.0778153      0.33828053
       2.0781157      0.34997045
       2.0784159      0.34979868
       2.0787163      0.35964029
       2.0790164      0.36208157
       2.0793169      0.36048378
       2.0796170      0.36645437
       2.0799174      0.36533300
       2.0802178      0.36581810
       2.0805180      0.37095155
       2.0808184      0.36855522
       2.0811186      0.36504394
       2.0814190      0.36272178
       2.0817192      0.35738946
       2.0820196      0.35594285
       2.0823197      0.36031924
       2.0826201      0.36147611
       2.0829206      0.35978591
       2.0832207      0.35485070
       2.0835211      0.34507479
       2.0838213      0.33406679
       2.0841217      0.32892487
       2.0844219      0.33319331
       2.0847223      0.33337009
       2.0850224      0.34181067
       2.0853229      0.34560327
       2.0856233      0.33628707
       2.0859234      0.32992913
       2.0862236      0.32464009
       2.0865240      0.33460699
       2.0868244      0.34550732
       2.0871246      0.35424827
       2.0874250      0.35728834
       2.0877252      0.34171907
       2.0880256      0.33067844
       2.0883257      0.32446645
       2.0886261      0.33026857
       2.0889263      0.34548067
       2.0892267      0.34371503
       2.0895271      0.33487375
       2.0898273      0.31942493
       2.0901277      0.30938300
       2.0904279      0.32224119
       2.0907283      0.33310818
       2.0910285      0.34061396
       2.0913289      0.34578960
       2.0916290      0.34521247
       2.0919294      0.35132920
       2.0922298      0.35171876
       2.0925300      0.34262479
       2.0928304      0.33996251
       2.0931306      0.34249255
       2.0934310      0.34747869
       2.0937312      0.34245783
       2.0940316      0.33382490
       2.0943317      0.33565106
       2.0946321      0.33878927
       2.0949326      0.34496212
       2.0952327      0.35349590
       2.0955329      0.35853519
       2.0958333      0.35980767
       2.0961337      0.35803913
       2.0964339      0.34859157
       2.0967343      0.33288773
       2.0970345      0.32320824
       2.0973349      0.32692196
       2.0976350      0.34274864
       2.0979354      0.35708793
       2.0982356      0.36116767
       2.0985360      0.35125974
       2.0988364      0.34156840
       2.0991366      0.34419445
       2.0994370      0.34016828
       2.0997372      0.33264281
       2.1000376      0.33186239
       2.1003377      0.33390193
       2.1006382      0.33605433
       2.1009383      0.33100204
       2.1012387      0.32372434
       2.1015391      0.31831390
       2.1018393      0.32160306
       2.1021397      0.33921087
       2.1024399      0.34508125
       2.1027403      0.34663376
       2.1030405      0.34697491
       2.1033409      0.34775136
       2.1036410      0.34790117
       2.1039414      0.34793577
       2.1042418      0.34499544
       2.1045420      0.33680132
       2.1048424      0.32558158
       2.1051426      0.31573753
       2.1054430      0.31229567
       2.1057432      0.31794769
       2.1060436      0.33242503
       2.1063437      0.34624025
       2.1066442      0.35220462
       2.1069443      0.35368033
       2.1072447      0.35338744
       2.1075451      0.35253404
       2.1078453      0.35085424
       2.1081457      0.34504142
       2.1084459      0.33765438
       2.1087463      0.33190364
       2.1090465      0.32808386
       2.1093469      0.32245197
       2.1096470      0.31103210
       2.1099474      0.30390567
       2.1102476      0.30798076
       2.1105480      0.31953116
       2.1108484      0.33284340
       2.1111486      0.34188957
       2.1114490      0.34451498
       2.1117492      0.33710672
       2.1120496      0.33619448
       2.1123497      0.33981780
       2.1126502      0.34270815
       2.1129503      0.34812903
       2.1132507      0.34873614
       2.1135511      0.34814367
       2.1138513      0.34654986
       2.1141517      0.34281447
       2.1144519      0.33926384
       2.1147523      0.33624256
       2.1150525      0.33721859
       2.1153529      0.34063593
       2.1156530      0.34413331
       2.1159534      0.34700498
       2.1162539      0.34681491
       2.1165540      0.34702042
       2.1168542      0.34598431
       2.1171546      0.34293843
       2.1174550      0.33924378
       2.1177552      0.33375792
       2.1180556      0.32743406
       2.1183558      0.31589838
       2.1186562      0.30838907
       2.1189563      0.31843058
       2.1192567      0.32323725
       2.1195571      0.32152629
       2.1198573      0.31984908
       2.1201577      0.32401221
       2.1204579      0.33280521
       2.1207583      0.34052630
       2.1210585      0.33874662
       2.1213589      0.33080474
       2.1216593      0.32553121
       2.1219594      0.32440297
       2.1222596      0.32356208
       2.1225600      0.32078645
       2.1228604      0.31981773
       2.1231606      0.32366868
       2.1234610      0.33034930
       2.1237612      0.33518975
       2.1240616      0.33389536
       2.1243618      0.32589333
       2.1246622      0.32385750
       2.1249623      0.33080616
       2.1252627      0.33708287
       2.1255631      0.33953272
       2.1258633      0.33882536
       2.1261637      0.33600491
       2.1264639      0.33402767
       2.1267643      0.33490724
       2.1270645      0.33809708
       2.1273649      0.33782697
       2.1276650      0.32818840
       2.1279655      0.33044733
       2.1282659      0.33929892
       2.1285660      0.33855297
       2.1288662      0.33680187
       2.1291666      0.33643430
       2.1294670      0.33702183
       2.1297672      0.33916620
       2.1300676      0.34207243
       2.1303678      0.34596792
       2.1306682      0.35235223
       2.1309683      0.35958817
       2.1312687      0.36343093
       2.1315689      0.36267975
       2.1318693      0.35919063
       2.1321697      0.35602368
       2.1324699      0.35480279
       2.1327703      0.35489131
       2.1330705      0.35312122
       2.1333709      0.34600396
       2.1336710      0.33490630
       2.1339715      0.32785567
       2.1342716      0.33099395
       2.1345720      0.34069412
       2.1348724      0.34697677
       2.1351726      0.34378456
       2.1354730      0.33486395
       2.1357732      0.32777344
       2.1360736      0.32984494
       2.1363738      0.33707309
       2.1366742      0.34158294
       2.1369743      0.34210313
       2.1372747      0.33699061
       2.1375751      0.32721535
       2.1378753      0.31875547
       2.1381757      0.31507546
       2.1384759      0.31396750
       2.1387763      0.31285579
       2.1390765      0.31303683
       2.1393769      0.31587592
       2.1396770      0.31987234
       2.1399775      0.32416831
       2.1402779      0.32851804
       2.1405780      0.33272974
       2.1408784      0.33679358
       2.1411786      0.34031686
       2.1414790      0.34224179
       2.1417792      0.34267511
       2.1420796      0.34270727
       2.1423798      0.34267051
       2.1426802      0.34216093
       2.1429803      0.34163587
       2.1432807      0.34210677
       2.1435809      0.34240790
       2.1438813      0.34269685
       2.1441817      0.34269993
       2.1444819      0.34226993
       2.1447823      0.34230736
       2.1450825      0.34272540
       2.1453829      0.34275678
       2.1456831      0.34244002
       2.1459835      0.34220269
       2.1462836      0.34226633
       2.1465840      0.34208773
       2.1468844      0.34172772
       2.1471846      0.34103200
       2.1474850      0.34055219
       2.1477852      0.34025001
       2.1480856      0.33917282
       2.1483858      0.33935249
       2.1486862      0.33923473
       2.1489863      0.33835853
       2.1492867      0.33812093
       2.1495872      0.33732758
       2.1498873      0.33603648
       2.1501875      0.33700832
       2.1504879      0.33759533
       2.1507883      0.33688223
       2.1510885      0.33229331
       2.1513889      0.32531747
       2.1516891      0.32670429
       2.1519895      0.33093930
       2.1522896      0.33262972
       2.1525900      0.33212987
       2.1528904      0.33029387
       2.1531906      0.33125931
       2.1534910      0.33232760
       2.1537912      0.33352066
       2.1540916      0.33273533
       2.1543918      0.33203453
       2.1546922      0.33290947
       2.1549926      0.33285491
       2.1552927      0.33266401
       2.1555929      0.33354859
       2.1558933      0.33542248
       2.1561937      0.33595600
       2.1564939      0.33560734
       2.1567943      0.33645153
       2.1570945      0.33689429
       2.1573949      0.33697682
       2.1576951      0.33698055
       2.1579955      0.33667194
       2.1582956      0.33699592
       2.1585960      0.33711907
       2.1588964      0.33312565
       2.1591966      0.33079492
       2.1594970      0.33568937
       2.1597972      0.33554675
       2.1600976      0.33431827
       2.1603978      0.33582696
       2.1606982      0.33292306
       2.1609983      0.32791243
       2.1612988      0.32804948
       2.1615992      0.33164074
       2.1618993      0.33347510
       2.1621995      0.33222281
       2.1624999      0.32979507
       2.1628003      0.32909942
       2.1631005      0.32234629
       2.1634009      0.30291306
       2.1637011      0.30806097
       2.1640015      0.32475149
       2.1643016      0.32863800
       2.1646020      0.32909514
       2.1649022      0.32925543
       2.1652026      0.32986814
       2.1655030      0.33006547
       2.1658032      0.33030532
       2.1661036      0.33053147
       2.1664038      0.32975602
       2.1667042      0.32703902
       2.1670043      0.32599701
       2.1673048      0.32978954
       2.1676049      0.33291330
       2.1679053      0.33333690
       2.1682057      0.33234392
       2.1685059      0.32298013
       2.1688063      0.31969545
       2.1691065      0.33101829
       2.1694069      0.33440646
       2.1697071      0.33414788
       2.1700075      0.33315429
       2.1703076      0.33117336
       2.1706080      0.33139836
       2.1709082      0.33170258
       2.1712086      0.33103948
       2.1715090      0.33038478
       2.1718092      0.32955353
       2.1721096      0.32790988
       2.1724098      0.32137883
       2.1727102      0.31580435
       2.1730103      0.32011231
       2.1733108      0.32409313
       2.1736112      0.32427593
       2.1739113      0.32315316
       2.1742117      0.32176966
       2.1745119      0.31727462
       2.1748123      0.32182102
       2.1751125      0.32616095
       2.1754129      0.32718931
       2.1757131      0.32799841
       2.1760135      0.32450646
       2.1763136      0.32044061
       2.1766140      0.32674613
       2.1769142      0.33148692
       2.1772146      0.33258034
       2.1775150      0.33303781
       2.1778152      0.33273293
       2.1781156      0.32883259
       2.1784158      0.32117151
       2.1787162      0.32492979
       2.1790164      0.32749698
       2.1793168      0.32280063
       2.1796169      0.32680009
       2.1799173      0.33138152
       2.1802177      0.33262164
       2.1805179      0.33266838
       2.1808183      0.33264310
       2.1811185      0.33264818
       2.1814189      0.33266371
       2.1817191      0.33254896
       2.1820195      0.33238538
       2.1823196      0.33182445
       2.1826200      0.32964451
       2.1829205      0.32443884
       2.1832206      0.30933168
       2.1835208      0.30789156
       2.1838212      0.32102273
       2.1841216      0.32230599
       2.1844218      0.32153576
       2.1847222      0.30691743
       2.1850224      0.30128807
       2.1853228      0.31887411
       2.1856229      0.32658073
       2.1859233      0.32812470
       2.1862237      0.32823142
       2.1865239      0.32772592
       2.1868243      0.32521522
       2.1871245      0.32179693
       2.1874249      0.32226342
       2.1877251      0.32020102
       2.1880255      0.31937845
       2.1883256      0.31985159
       2.1886261      0.32478698
       2.1889262      0.32689124
       2.1892266      0.32646241
       2.1895270      0.32383424
       2.1898272      0.32429879
       2.1901276      0.32466100
       2.1904278      0.31927133
       2.1907282      0.32070871
       2.1910284      0.32619984
       2.1913288      0.32749957
       2.1916289      0.32757504
       2.1919293      0.32732536
       2.1922297      0.32668752
       2.1925299      0.32583138
       2.1928303      0.32497074
       2.1931305      0.32412851
       2.1934309      0.32326304
       2.1937311      0.32233613
       2.1940315      0.32095881
       2.1943316      0.31623318
       2.1946321      0.30691480
       2.1949325      0.30300230
       2.1952326      0.30848750
       2.1955328      0.31531106
       2.1958332      0.31605489
       2.1961336      0.31437533
       2.1964338      0.31170766
       2.1967342      0.31089252
       2.1970344      0.31352595
       2.1973348      0.31438410
       2.1976349      0.31422296
       2.1979353      0.30802120
       2.1982355      0.29208047
       2.1985359      0.29720899
       2.1988363      0.30854707
       2.1991365      0.30696465
       2.1994369      0.30038455
       2.1997371      0.29475442
       2.2000375      0.28596914
       2.2003376      0.28202059
       2.2006381      0.29187833
       2.2009382      0.30947545
       2.2012386      0.31620698
       2.2015390      0.31363615
       2.2018392      0.31053930
       2.2021396      0.30879135
       2.2024398      0.30911556
       2.2027402      0.31184765
       2.2030404      0.31500098
       2.2033408      0.31796026
       2.2036409      0.31975832
       2.2039413      0.31691216
       2.2042415      0.31623494
       2.2045419      0.31200654
       2.2048423      0.29982776
       2.2051425      0.30583423
       2.2054429      0.31754723
       2.2057431      0.32089851
       2.2060435      0.32170142
       2.2063437      0.32194132
       2.2066441      0.31874626
       2.2069445      0.31820308
       2.2072446      0.31926100
       2.2075450      0.31820578
       2.2078452      0.31973496
       2.2081456      0.32126609
       2.2084458      0.32135006
       2.2087462      0.32098088
       2.2090464      0.32051329
       2.2093468      0.32010232
       2.2096469      0.32008710
       2.2099473      0.31946601
       2.2102475      0.31750752
       2.2105479      0.31737763
       2.2108481      0.31774238
       2.2111485      0.31486626
       2.2114489      0.31640261
       2.2117491      0.31920039
       2.2120495      0.31965000
       2.2123497      0.31960842
       2.2126501      0.31947214
       2.2129502      0.31953602
       2.2132506      0.31956192
       2.2135510      0.31939126
       2.2138512      0.31882544
       2.2141516      0.31829765
       2.2144518      0.31743777
       2.2147522      0.31414938
       2.2150524      0.31407920
       2.2153528      0.31684806
       2.2156529      0.31341045
       2.2159534      0.30448943
       2.2162535      0.30220006
       2.2165539      0.30114003
       2.2168541      0.30748614
       2.2171545      0.31376333
       2.2174549      0.31418782
       2.2177551      0.31324496
       2.2180555      0.31207238
       2.2183557      0.31125357
       2.2186561      0.31073248
       2.2189562      0.31125319
       2.2192566      0.31151678
       2.2195570      0.31057715
       2.2198572      0.30974685
       2.2201576      0.31008266
       2.2204578      0.30898880
       2.2207582      0.30797446
       2.2210584      0.30656519
       2.2213588      0.29817756
       2.2216589      0.29611307
       2.2219594      0.30217657
       2.2222595      0.30728665
       2.2225599      0.30886155
       2.2228603      0.30875944
       2.2231605      0.30925597
       2.2234609      0.30928081
       2.2237611      0.30838588
       2.2240615      0.30830791
       2.2243617      0.30891535
       2.2246621      0.30830594
       2.2249622      0.30673050
       2.2252626      0.30534475
       2.2255628      0.30763883
       2.2258632      0.30803617
       2.2261636      0.30772913
       2.2264638      0.30305292
       2.2267642      0.30056883
       2.2270644      0.30047269
       2.2273648      0.30267172
       2.2276649      0.30791344
       2.2279654      0.30908672
       2.2282655      0.30928321
       2.2285659      0.31004552
       2.2288663      0.31023760
       2.2291665      0.30952102
       2.2294669      0.30994486
       2.2297671      0.31034123
       2.2300675      0.30971473
       2.2303677      0.30854834
       2.2306681      0.30722064
       2.2309682      0.30628620
       2.2312686      0.30277712
       2.2315688      0.29479669
       2.2318692      0.29778517
       2.2321696      0.29748489
       2.2324698      0.29352330
       2.2327702      0.30081074
       2.2330704      0.30379254
       2.2333708      0.30218141
       2.2336709      0.29778534
       2.2339714      0.30132150
       2.2342715      0.30360442
       2.2345719      0.30320373
       2.2348723      0.30316271
       2.2351725      0.30162334
       2.2354729      0.30207582
       2.2357731      0.30044364
       2.2360735      0.29680479
       2.2363737      0.29435836
       2.2366741      0.29545515
       2.2369742      0.29930884
       2.2372746      0.29749466
       2.2375748      0.29330211
       2.2378752      0.29256862
       2.2381756      0.29478718
       2.2384758      0.29908875
       2.2387762      0.30062470
       2.2390764      0.30015353
       2.2393768      0.29868505
       2.2396770      0.29646745
       2.2399774      0.29495625
       2.2402778      0.29044268
       2.2405779      0.29166761
       2.2408783      0.29382185
       2.2411785      0.29077452
       2.2414789      0.28687981
       2.2417791      0.29098566
       2.2420795      0.29514615
       2.2423797      0.29327559
       2.2426801      0.29256585
       2.2429802      0.29279729
       2.2432806      0.29387350
       2.2435808      0.29097896
       2.2438812      0.28438095
       2.2441814      0.28271787
       2.2444818      0.29024580
       2.2447822      0.29704007
       2.2450824      0.29746103
       2.2453828      0.29695923
       2.2456830      0.29465982
       2.2459834      0.28783970
       2.2462835      0.28637226
       2.2465839      0.28801442
       2.2468843      0.28340701
       2.2471845      0.27441798
       2.2474849      0.28272717
       2.2477851      0.29385513
       2.2480855      0.29633779
       2.2483857      0.29654248
       2.2486861      0.29529648
       2.2489862      0.29326251
       2.2492867      0.29198980
       2.2495868      0.28949127
       2.2498872      0.28826837
       2.2501874      0.28738572
       2.2504878      0.28413162
       2.2507882      0.28464941
       2.2510884      0.28674906
       2.2513888      0.28898357
       2.2516890      0.28998624
       2.2519894      0.28850940
       2.2522895      0.28456268
       2.2525899      0.28731432
       2.2528903      0.28872420
       2.2531905      0.28615884
       2.2534909      0.28440409
       2.2537911      0.28027748
       2.2540915      0.27511779
       2.2543917      0.28286790
       2.2546921      0.29004861
       2.2549922      0.29207510
       2.2552927      0.28865990
       2.2555928      0.28444257
       2.2558932      0.28328190
       2.2561936      0.28654444
       2.2564938      0.28476884
       2.2567942      0.27554845
       2.2570944      0.27684430
       2.2573948      0.28671477
       2.2576950      0.29020322
       2.2579954      0.28901255
       2.2582955      0.28701971
       2.2585959      0.28782066
       2.2588961      0.29273166
       2.2591965      0.29357262
       2.2594969      0.29271207
       2.2597971      0.28976586
       2.2600975      0.28519246
       2.2603977      0.28627399
       2.2606981      0.28339083
       2.2609982      0.27137304
       2.2612987      0.27360098
       2.2615988      0.26984821
       2.2618992      0.26688947
       2.2621996      0.26950602
       2.2624998      0.27509190
       2.2628002      0.28882582
       2.2631004      0.29173488
       2.2634008      0.28355996
       2.2637010      0.27560236
       2.2640014      0.28073990
       2.2643015      0.28270399
       2.2646019      0.27184677
       2.2649021      0.26819723
       2.2652025      0.28115056
       2.2655029      0.28899692
       2.2658031      0.29091961
       2.2661035      0.29014164
       2.2664037      0.28969865
       2.2667041      0.28896270
       2.2670043      0.28658893
       2.2673047      0.28285900
       2.2676048      0.27989696
       2.2679052      0.27684161
       2.2682056      0.26560754
       2.2685058      0.25348696
       2.2688062      0.25313515
       2.2691064      0.27067357
       2.2694068      0.28153473
       2.2697070      0.28301271
       2.2700074      0.27866579
       2.2703075      0.26500440
       2.2706079      0.26886963
       2.2709081      0.28173451
       2.2712085      0.28275981
       2.2715089      0.27798198
       2.2718091      0.27647507
       2.2721095      0.27107435
       2.2724097      0.25893526
       2.2727101      0.26631333
       2.2730103      0.27912792
       2.2733107      0.27965252
       2.2736111      0.27622192
       2.2739112      0.28034621
       2.2742116      0.28246600
       2.2745118      0.27807413
       2.2748122      0.27104575
       2.2751124      0.26672649
       2.2754128      0.24477475
       2.2757130      0.23305074
       2.2760134      0.24956876
       2.2763135      0.26425571
       2.2766140      0.26396122
       2.2769141      0.26692814
       2.2772145      0.26203696
       2.2775147      0.27170827
       2.2778151      0.27838819
       2.2781155      0.27505986
       2.2784157      0.27627654
       2.2787161      0.27831399
       2.2790163      0.27957107
       2.2793167      0.28086390
       2.2796168      0.28114745
       2.2799172      0.28055640
       2.2802176      0.27563290
       2.2805178      0.26071773
       2.2808182      0.24830450
       2.2811184      0.26628441
       2.2814188      0.27629772
       2.2817190      0.27573355
       2.2820194      0.27806969
       2.2823195      0.27527158
       2.2826200      0.25472726
       2.2829201      0.23324284
       2.2832205      0.25152098
       2.2835207      0.27174691
       2.2838211      0.25744606
       2.2841215      0.25132282
       2.2844217      0.27160105
       2.2847221      0.27826190
       2.2850223      0.26952778
       2.2853227      0.25611560
       2.2856228      0.26532874
       2.2859232      0.27770025
       2.2862236      0.27960859
       2.2865238      0.27583060
       2.2868242      0.27381185
       2.2871244      0.27697557
       2.2874248      0.27628128
       2.2877250      0.27279819
       2.2880254      0.27506305
       2.2883255      0.27524444
       2.2886260      0.27712127
       2.2889261      0.27601922
       2.2892265      0.26303621
       2.2895267      0.24715727
       2.2898271      0.23790890
       2.2901275      0.24198254
       2.2904277      0.26324898
       2.2907281      0.27244551
       2.2910283      0.26997461
       2.2913287      0.27146654
       2.2916288      0.27210305
       2.2919292      0.27165707
       2.2922294      0.25917061
       2.2925298      0.25443312
       2.2928302      0.26791486
       2.2931304      0.27380860
       2.2934308      0.27025487
       2.2937310      0.26036022
       2.2940314      0.26081044
       2.2943316      0.26914458
       2.2946320      0.26315208
       2.2949321      0.25078183
       2.2952325      0.25580792
       2.2955329      0.25526887
       2.2958331      0.24898117
       2.2961335      0.25385287
       2.2964337      0.26252624
       2.2967341      0.26744887
       2.2970343      0.27193600
       2.2973347      0.27444152
       2.2976348      0.27294064
       2.2979352      0.26410898
       2.2982354      0.24595501
       2.2985358      0.23864874
       2.2988362      0.24749041
       2.2991364      0.25309411
       2.2994368      0.25324251
       2.2997370      0.25801172
       2.3000374      0.24766091
       2.3003376      0.24212718
       2.3006380      0.24405989
       2.3009381      0.24965819
       2.3012385      0.26191470
       2.3015389      0.26610369
       2.3018391      0.26342847
       2.3021395      0.25864694
       2.3024397      0.25656733
       2.3027401      0.25539761
       2.3030403      0.25989638
       2.3033407      0.25321287
       2.3036408      0.23929760
       2.3039412      0.24221483
       2.3042414      0.24306662
       2.3045418      0.23867321
       2.3048422      0.24889930
       2.3051424      0.25511498
       2.3054428      0.25118509
       2.3057430      0.25353204
       2.3060434      0.25542008
       2.3063436      0.25329779
       2.3066440      0.25164917
       2.3069441      0.25620697
       2.3072445      0.24838815
       2.3075449      0.23171749
       2.3078451      0.24536934
       2.3081455      0.25717352
       2.3084457      0.25958561
       2.3087461      0.25824985
       2.3090463      0.25546016
       2.3093467      0.25341495
       2.3096468      0.25455146
       2.3099473      0.25572869
       2.3102474      0.25842509
       2.3105478      0.26168849
       2.3108480      0.26233390
       2.3111484      0.26202748
       2.3114488      0.26063457
       2.3117490      0.25793295
       2.3120494      0.25203416
       2.3123496      0.25308651
       2.3126500      0.25926019
       2.3129501      0.26044321
       2.3132505      0.26026923
       2.3135509      0.25997196
       2.3138511      0.25968980
       2.3141515      0.25946721
       2.3144517      0.25907663
       2.3147521      0.25804009
       2.3150523      0.25725523
       2.3153527      0.25690886
       2.3156528      0.25073914
       2.3159533      0.23687348
       2.3162534      0.22477151
       2.3165538      0.20768850
       2.3168540      0.18301164
       2.3171544      0.17777874
       2.3174548      0.19769331
       2.3177550      0.20210018
       2.3180554      0.20693516
       2.3183556      0.21288344
       2.3186560      0.22041976
       2.3189561      0.23376686
       2.3192565      0.23642273
       2.3195570      0.23341519
       2.3198571      0.23518322
       2.3201575      0.24026765
       2.3204577      0.24143284
       2.3207581      0.23820386
       2.3210583      0.24158099
       2.3213587      0.24428599
       2.3216588      0.23482801
       2.3219593      0.22320345
       2.3222594      0.23341557
       2.3225598      0.23207673
       2.3228600      0.23247831
       2.3231604      0.23339132
       2.3234608      0.23936723
       2.3237610      0.24055687
       2.3240614      0.24315850
       2.3243616      0.24956757
       2.3246620      0.25087448
       2.3249621      0.24787201
       2.3252625      0.23781995
       2.3255627      0.23411919
       2.3258631      0.24418731
       2.3261635      0.24601786
       2.3264637      0.24121019
       2.3267641      0.24555030
       2.3270643      0.25042125
       2.3273647      0.25143526
       2.3276649      0.24975289
       2.3279653      0.24843167
       2.3282654      0.23403473
       2.3285658      0.21735303
       2.3288662      0.23259714
       2.3291664      0.23889349
       2.3294668      0.24071340
       2.3297670      0.24620001
       2.3300674      0.24831489
       2.3303676      0.24702893
       2.3306680      0.24117399
       2.3309681      0.23619450
       2.3312685      0.23780016
       2.3315687      0.22914916
       2.3318691      0.22592288
       2.3321695      0.23279011
       2.3324697      0.23678183
       2.3327701      0.23821694
       2.3330703      0.24222183
       2.3333707      0.24359270
       2.3336709      0.23808944
       2.3339713      0.23194625
       2.3342714      0.23405741
       2.3345718      0.23344415
       2.3348722      0.22605238
       2.3351724      0.22727825
       2.3354728      0.23615625
       2.3357730      0.23378185
       2.3360734      0.22558706
       2.3363736      0.23161721
       2.3366740      0.23699137
       2.3369741      0.23828200
       2.3372746      0.23779971
       2.3375747      0.23640705
       2.3378751      0.23221265
       2.3381755      0.22049686
       2.3384757      0.21590157
       2.3387761      0.21551799
       2.3390763      0.22317219
       2.3393767      0.22602527
       2.3396769      0.21347024
       2.3399773      0.19487012
       2.3402774      0.19136728
       2.3405778      0.20879085
       2.3408782      0.21349300
       2.3411784      0.20565777
       2.3414788      0.21231537
       2.3417790      0.21650673
       2.3420794      0.21139312
       2.3423796      0.22156337
       2.3426800      0.22741175
       2.3429801      0.22748548
       2.3432806      0.22152153
       2.3435807      0.21724253
       2.3438811      0.22129662
       2.3441813      0.23031839
       2.3444817      0.22455015
       2.3447821      0.20967831
       2.3450823      0.20712331
       2.3453827      0.21422570
       2.3456829      0.21794020
       2.3459833      0.22225561
       2.3462834      0.22259460
       2.3465838      0.21069140
       2.3468843      0.21081391
       2.3471844      0.21915282
       2.3474848      0.20880294
       2.3477850      0.20307195
       2.3480854      0.19713981
       2.3483856      0.20228145
       2.3486860      0.21737517
       2.3489861      0.22116417
       2.3492866      0.21294444
       2.3495867      0.20823198
       2.3498871      0.20695610
       2.3501873      0.20569149
       2.3504877      0.19359269
       2.3507881      0.18860101
       2.3510883      0.19694586
       2.3513887      0.20551914
       2.3516889      0.19015525
       2.3519893      0.19384112
       2.3522894      0.17874807
       2.3525898      0.17952100
       2.3528903      0.21005610
       2.3531904      0.20451065
       2.3534908      0.19452383
       2.3537910      0.21130969
       2.3540914      0.22548433
       2.3543916      0.22331189
       2.3546920      0.21713119
       2.3549922      0.21723219
       2.3552926      0.22073507
       2.3555927      0.20568682
       2.3558931      0.17628622
       2.3561933      0.18733732
       2.3564937      0.21522007
       2.3567941      0.21954628
       2.3570943      0.21511064
       2.3573947      0.21717027
       2.3576949      0.22310947
       2.3579953      0.21503728
       2.3582954      0.19192592
       2.3585958      0.16562408
       2.3588960      0.17076492
       2.3591964      0.21114069
       2.3594968      0.22855558
       2.3597970      0.22967833
       2.3600974      0.22835904
       2.3603976      0.22791729
       2.3606980      0.22765112
       2.3609982      0.22735764
       2.3612986      0.21791508
       2.3615987      0.19752027
       2.3618991      0.20864134
       2.3621993      0.22449598
       2.3624997      0.22681089
       2.3628001      0.22645249
       2.3631003      0.22427788
       2.3634007      0.22005108
       2.3637009      0.20552405
       2.3640013      0.18896951
       2.3643014      0.20164818
       2.3646019      0.20955419
       2.3649020      0.21988476
       2.3652024      0.22383425
       2.3655028      0.22489510
       2.3658030      0.22307889
       2.3661034      0.21168352
       2.3664036      0.21171203
       2.3667040      0.21996575
       2.3670042      0.20586325
       2.3673046      0.18036758
       2.3676047      0.17902766
       2.3679051      0.20005093
       2.3682055      0.21354925
       2.3685057      0.20677488
       2.3688061      0.19127623
       2.3691063      0.19322938
       2.3694067      0.21059094
       2.3697069      0.20784551
       2.3700073      0.17994886
       2.3703074      0.13599072
       2.3706079      0.11440431
       2.3709080      0.13343230
       2.3712084      0.13235675
       2.3715088      0.12776800
       2.3718090      0.15583590
       2.3721094      0.17985792
       2.3724096      0.18384958
       2.3727100      0.18216077
       2.3730102      0.19297072
       2.3733106      0.20552533
       2.3736107      0.20109514
       2.3739111      0.20611179
       2.3742115      0.21383420
       2.3745117      0.21035571
       2.3748121      0.20533129
       2.3751123      0.20607970
       2.3754127      0.20898704
       2.3757129      0.21318905
       2.3760133      0.20470774
       2.3763134      0.18127686
       2.3766139      0.15994338
       2.3769140      0.17130681
       2.3772144      0.19348926
       2.3775146      0.20118477
       2.3778150      0.19073277
       2.3781154      0.14954621
       2.3784156      0.16182533
       2.3787160      0.20144590
       2.3790162      0.21022820
       2.3793166      0.20787455
       2.3796167      0.19777499
       2.3799171      0.19143677
       2.3802176      0.18877800
       2.3805177      0.18767110
       2.3808181      0.19602289
       2.3811183      0.20756282
       2.3814187      0.21209340
       2.3817189      0.21265030
       2.3820193      0.21121802
       2.3823195      0.20695231
       2.3826199      0.20039108
       2.3829200      0.18213526
       2.3832204      0.15246306
       2.3835206      0.15385371
       2.3838210      0.14779337
       2.3841214      0.13619472
       2.3844216      0.17046361
       2.3847220      0.19387623
       2.3850222      0.20578997
       2.3853226      0.20471733
       2.3856227      0.18709560
       2.3859231      0.15148632
       2.3862236      0.15745508
       2.3865237      0.17787083
       2.3868241      0.19120333
       2.3871243      0.19984370
       2.3874247      0.19111805
       2.3877249      0.18108346
       2.3880253      0.15037736
       2.3883255      0.15725531
       2.3886259      0.19543705
       2.3889260      0.20609226
       2.3892264      0.20579016
       2.3895266      0.19906080
       2.3898270      0.18856504
       2.3901274      0.18862172
       2.3904276      0.19808820
       2.3907280      0.19556730
       2.3910282      0.17491168
       2.3913286      0.13252517
       2.3916287      0.13022282
       2.3919291      0.18137550
       2.3922293      0.19914521
       2.3925297      0.19890797
       2.3928301      0.19886360
       2.3931303      0.19268115
       2.3934307      0.19297522
       2.3937309      0.19975728
       2.3940313      0.19409655
       2.3943315      0.18091498
       2.3946319      0.18510316
       2.3949320      0.19156891
       2.3952324      0.19376748
       2.3955326      0.19203081
       2.3958330      0.19468195
       2.3961334      0.19231852
       2.3964336      0.16480122
       2.3967340      0.13131584
       2.3970342      0.14968201
       2.3973346      0.16377673
       2.3976347      0.18447673
       2.3979352      0.19234392
       2.3982353      0.17497518
       2.3985357      0.15956837
       2.3988361      0.14042699
       2.3991363      0.12168757
       2.3994367      0.10148521
       2.3997369     0.081022000
       2.4000373     0.058997493
       2.4003375     0.035653590
       2.4006379     0.020862783
       2.4009380    0.0040099823
       2.4012384       0.0000000
       2.4015388       0.0000000
       2.4018390       0.0000000
       2.4021394       0.0000000
       2.4024396       0.0000000
       2.4027400       0.0000000
       2.4030402       0.0000000
       2.4033406       0.0000000
       2.4036407       0.0000000
       2.4039412       0.0000000
