# wavelength[micron] photons/cm^2/s/Angstrom/arcsec^2
0.900000 7.335684e-06
0.900109 1.030527e-05
0.900218 4.331382e-05
0.900327 4.474393e-05
0.900437 4.380465e-05
0.900546 4.277520e-05
0.900655 1.237421e-05
0.900764 1.183199e-05
0.900873 1.209822e-05
0.900982 1.207637e-05
0.901091 1.208311e-05
0.901200 1.222085e-05
0.901310 1.200965e-05
0.901419 1.206058e-05
0.901528 1.205779e-05
0.901637 1.223791e-05
0.901746 1.158957e-05
0.901855 1.146488e-05
0.901964 1.144670e-05
0.902073 1.148929e-05
0.902183 1.248009e-05
0.902292 1.236201e-05
0.902401 1.200361e-05
0.902510 1.199121e-05
0.902619 1.171911e-05
0.902728 1.159357e-05
0.902837 1.180606e-05
0.902947 1.181651e-05
0.903056 1.222325e-05
0.903165 1.242330e-05
0.903274 1.225192e-05
0.903383 1.227171e-05
0.903492 1.233204e-05
0.903601 1.244531e-05
0.903710 1.255776e-05
0.903820 1.330934e-05
0.903929 1.956176e-05
0.904038 1.954394e-05
0.904147 1.945827e-05
0.904256 1.697284e-05
0.904365 1.219898e-05
0.904474 1.226147e-05
0.904583 1.231491e-05
0.904693 1.236351e-05
0.904802 1.251785e-05
0.904911 1.252022e-05
0.905020 2.248876e-05
0.905129 2.668072e-05
0.905238 2.669567e-05
0.905347 2.623237e-05
0.905456 1.393735e-05
0.905566 1.221262e-05
0.905675 1.224008e-05
0.905784 1.251434e-05
0.905893 1.254706e-05
0.906002 1.254402e-05
0.906111 1.233047e-05
0.906220 1.227938e-05
0.906330 1.213032e-05
0.906439 1.201879e-05
0.906548 1.215884e-05
0.906657 1.218656e-05
0.906766 1.233726e-05
0.906875 1.243398e-05
0.906984 1.160703e-05
0.907093 1.149187e-05
0.907203 1.141214e-05
0.907312 1.086489e-05
0.907421 1.172035e-05
0.907530 1.149457e-05
0.907639 1.167117e-05
0.907748 1.217581e-05
0.907857 1.224019e-05
0.907966 1.237790e-05
0.908076 1.194031e-05
0.908185 1.155669e-05
0.908294 1.143139e-05
0.908403 1.160952e-05
0.908512 1.201228e-05
0.908621 1.240828e-05
0.908730 1.208130e-05
0.908840 1.170792e-05
0.908949 1.169998e-05
0.909058 1.164603e-05
0.909167 1.211443e-05
0.909276 1.279920e-05
0.909385 1.448869e-05
0.909494 1.441931e-05
0.909603 1.431841e-05
0.909713 1.340389e-05
0.909822 1.218152e-05
0.909931 1.222727e-05
0.910040 1.192250e-05
0.910149 1.157932e-05
0.910258 1.185988e-05
0.910367 1.576578e-05
0.910476 1.696964e-05
0.910586 1.701584e-05
0.910695 1.579142e-05
0.910804 1.179930e-05
0.910913 1.140154e-05
0.911022 1.172335e-05
0.911131 1.185584e-05
0.911240 1.223367e-05
0.911350 1.242883e-05
0.911459 1.242472e-05
0.911568 1.242720e-05
0.911677 1.236275e-05
0.911786 1.227751e-05
0.911895 1.197550e-05
0.912004 1.137411e-05
0.912113 1.140712e-05
0.912223 1.151712e-05
0.912332 1.190165e-05
0.912441 1.239516e-05
0.912550 1.231550e-05
0.912659 1.231087e-05
0.912768 1.228923e-05
0.912877 1.218842e-05
0.912986 1.200615e-05
0.913096 1.157384e-05
0.913205 1.126791e-05
0.913314 1.136852e-05
0.913423 1.156662e-05
0.913532 1.190229e-05
0.913641 1.183975e-05
0.913750 1.115738e-05
0.913860 1.104920e-05
0.913969 1.127597e-05
0.914078 1.156998e-05
0.914187 1.226463e-05
0.914296 1.231767e-05
0.914405 1.226299e-05
0.914514 1.217038e-05
0.914623 1.219707e-05
0.914733 1.218258e-05
0.914842 1.222901e-05
0.914951 1.231600e-05
0.915060 1.223072e-05
0.915169 1.217252e-05
0.915278 1.257388e-05
0.915387 1.211072e-05
0.915496 1.216803e-05
0.915606 1.158745e-05
0.915715 1.068645e-05
0.915824 1.113258e-05
0.915933 1.116535e-05
0.916042 1.194537e-05
0.916151 1.272434e-05
0.916260 1.339910e-05
0.916369 1.335921e-05
0.916479 1.337735e-05
0.916588 1.287904e-05
0.916697 1.226270e-05
0.916806 1.225868e-05
0.916915 1.218917e-05
0.917024 1.210547e-05
0.917133 1.208472e-05
0.917243 1.210904e-05
0.917352 1.202072e-05
0.917461 1.171635e-05
0.917570 1.129401e-05
0.917679 1.118928e-05
0.917788 1.114164e-05
0.917897 1.157357e-05
0.918006 1.191077e-05
0.918116 1.200251e-05
0.918225 1.213392e-05
0.918334 1.217446e-05
0.918443 1.213951e-05
0.918552 1.178060e-05
0.918661 1.183234e-05
0.918770 1.182106e-05
0.918879 1.189163e-05
0.918989 1.228520e-05
0.919098 1.228220e-05
0.919207 1.229021e-05
0.919316 1.217937e-05
0.919425 1.214804e-05
0.919534 1.217452e-05
0.919643 1.178050e-05
0.919753 1.181897e-05
0.919862 1.182575e-05
0.919971 1.184446e-05
0.920080 1.227913e-05
0.920189 1.230584e-05
0.920298 1.230706e-05
0.920407 1.233315e-05
0.920516 1.232246e-05
0.920626 1.225645e-05
0.920735 1.220709e-05
0.920844 1.214181e-05
0.920953 1.209039e-05
0.921062 1.215688e-05
0.921171 1.219797e-05
0.921280 1.225681e-05
0.921389 1.222185e-05
0.921499 1.216216e-05
0.921608 1.203931e-05
0.921717 1.211904e-05
0.921826 1.196809e-05
0.921935 1.207477e-05
0.922044 1.215317e-05
0.922153 1.207063e-05
0.922263 1.225182e-05
0.922372 1.223982e-05
0.922481 1.234886e-05
0.922590 1.231458e-05
0.922699 1.241830e-05
0.922808 1.241972e-05
0.922917 1.226504e-05
0.923026 1.223912e-05
0.923136 1.217503e-05
0.923245 1.215437e-05
0.923354 1.210863e-05
0.923463 1.215341e-05
0.923572 1.208383e-05
0.923681 1.206398e-05
0.923790 1.211129e-05
0.923899 1.200487e-05
0.924009 1.203065e-05
0.924118 1.199918e-05
0.924227 1.202197e-05
0.924336 1.210173e-05
0.924445 1.213600e-05
0.924554 1.205489e-05
0.924663 1.197285e-05
0.924773 1.189130e-05
0.924882 1.192830e-05
0.924991 1.203886e-05
0.925100 1.213562e-05
0.925209 1.202584e-05
0.925318 1.199910e-05
0.925427 1.201284e-05
0.925536 1.199025e-05
0.925646 1.214743e-05
0.925755 1.215605e-05
0.925864 1.217275e-05
0.925973 1.218121e-05
0.926082 1.209264e-05
0.926191 1.197668e-05
0.926300 1.188460e-05
0.926409 1.189511e-05
0.926519 1.202339e-05
0.926628 1.211534e-05
0.926737 1.217493e-05
0.926846 1.219817e-05
0.926955 1.217546e-05
0.927064 1.213794e-05
0.927173 1.214804e-05
0.927282 1.212149e-05
0.927392 1.200302e-05
0.927501 1.200993e-05
0.927610 1.196440e-05
0.927719 1.195607e-05
0.927828 1.197704e-05
0.927937 1.165544e-05
0.928046 1.138205e-05
0.928156 1.127997e-05
0.928265 1.135865e-05
0.928374 1.172414e-05
0.928483 1.198291e-05
0.928592 1.170589e-05
0.928701 1.155122e-05
0.928810 1.146798e-05
0.928919 1.135848e-05
0.929029 1.162825e-05
0.929138 1.178326e-05
0.929247 1.165871e-05
0.929356 1.174204e-05
0.929465 1.172285e-05
0.929574 1.118651e-05
0.929683 1.125038e-05
0.929792 1.119864e-05
0.929902 1.080322e-05
0.930011 1.135580e-05
0.930120 1.088692e-05
0.930229 1.061223e-05
0.930338 1.089174e-05
0.930447 1.047764e-05
0.930556 1.087035e-05
0.930666 2.279707e-05
0.930775 3.394347e-05
0.930884 5.156790e-05
0.930993 5.724910e-05
0.931102 4.428742e-05
0.931211 2.831165e-05
0.931320 2.219222e-05
0.931429 7.693933e-05
0.931539 7.617703e-05
0.931648 7.380621e-05
0.931757 6.473113e-05
0.931866 1.041650e-05
0.931975 9.970156e-06
0.932084 1.088567e-05
0.932193 1.250860e-05
0.932302 2.146454e-05
0.932412 4.196838e-05
0.932521 7.093725e-05
0.932630 6.934016e-05
0.932739 5.520929e-05
0.932848 2.286610e-05
0.932957 9.020674e-06
0.933066 1.075850e-05
0.933176 1.092828e-05
0.933285 1.132610e-05
0.933394 1.083426e-05
0.933503 9.256888e-06
0.933612 8.563087e-06
0.933721 8.275874e-06
0.933830 1.639117e-05
0.933939 2.620693e-05
0.934049 2.543136e-05
0.934158 2.589955e-05
0.934267 1.313281e-05
0.934376 8.139139e-06
0.934485 7.186780e-06
0.934594 5.899140e-06
0.934703 5.379662e-06
0.934812 7.192694e-06
0.934922 9.215567e-06
0.935031 1.080487e-05
0.935140 1.146568e-05
0.935249 1.163697e-05
0.935358 1.110011e-05
0.935467 9.143373e-06
0.935576 7.943821e-06
0.935686 7.784492e-06
0.935795 7.840616e-06
0.935904 7.602798e-06
0.936013 7.423944e-06
0.936122 7.458244e-06
0.936231 8.325276e-06
0.936340 1.061434e-05
0.936449 1.129096e-05
0.936559 1.043100e-05
0.936668 1.005824e-05
0.936777 8.967905e-06
0.936886 8.987204e-06
0.936995 9.076252e-06
0.937104 8.889154e-06
0.937213 7.877065e-06
0.937322 7.128044e-06
0.937432 8.309753e-06
0.937541 2.216978e-05
0.937650 9.946188e-05
0.937759 1.488656e-04
0.937868 1.465489e-04
0.937977 1.338220e-04
0.938086 2.469381e-05
0.938195 7.417533e-06
0.938305 8.467766e-06
0.938414 1.262090e-05
0.938523 1.323538e-05
0.938632 1.515160e-05
0.938741 2.524182e-05
0.938850 2.254245e-05
0.938959 2.251428e-05
0.939069 2.262251e-05
0.939178 1.148203e-05
0.939287 1.153106e-05
0.939396 1.158048e-05
0.939505 1.149719e-05
0.939614 1.153817e-05
0.939723 1.177706e-05
0.939832 1.356002e-05
0.939942 1.332820e-05
0.940051 1.263980e-05
0.940160 1.227898e-05
0.940269 2.311925e-05
0.940378 2.836925e-05
0.940487 2.866801e-05
0.940596 2.868553e-05
0.940705 1.246959e-05
0.940815 1.121059e-05
0.940924 1.140203e-05
0.941033 1.105721e-05
0.941142 9.851223e-06
0.941251 9.757278e-06
0.941360 9.815661e-06
0.941469 1.000839e-05
0.941579 1.123832e-05
0.941688 1.153974e-05
0.941797 1.184029e-05
0.941906 1.108785e-05
0.942015 2.183450e-05
0.942124 3.840800e-05
0.942233 3.813679e-05
0.942342 4.398065e-05
0.942452 2.480205e-05
0.942561 1.648461e-05
0.942670 1.644130e-05
0.942779 9.628499e-06
0.942888 7.933298e-06
0.942997 7.212096e-06
0.943106 6.894073e-06
0.943215 8.078766e-06
0.943325 9.896676e-06
0.943434 1.041291e-05
0.943543 1.134445e-05
0.943652 1.177834e-05
0.943761 1.166565e-05
0.943870 1.001632e-05
0.943979 1.180540e-05
0.944089 8.644173e-05
0.944198 8.402865e-05
0.944307 8.524584e-05
0.944416 6.971111e-05
0.944525 7.444124e-06
0.944634 9.576569e-06
0.944743 9.600711e-06
0.944852 1.260882e-05
0.944962 1.289354e-05
0.945071 1.290813e-05
0.945180 1.287728e-05
0.945289 1.105421e-05
0.945398 1.118634e-05
0.945507 1.059164e-05
0.945616 9.991328e-06
0.945725 8.636587e-06
0.945835 8.520813e-06
0.945944 4.535600e-05
0.946053 4.550065e-05
0.946162 4.536520e-05
0.946271 4.416704e-05
0.946380 8.134969e-06
0.946489 9.323525e-06
0.946598 1.042522e-05
0.946708 1.112827e-05
0.946817 1.100499e-05
0.946926 1.062038e-05
0.947035 9.973925e-06
0.947144 9.743646e-06
0.947253 9.981778e-06
0.947362 1.054477e-05
0.947472 1.134680e-05
0.947581 1.066506e-05
0.947690 1.212721e-05
0.947799 1.110378e-04
0.947908 1.119085e-04
0.948017 1.126680e-04
0.948126 1.020919e-04
0.948235 8.921561e-06
0.948345 7.563625e-06
0.948454 7.733743e-06
0.948563 9.125074e-06
0.948672 1.075969e-05
0.948781 1.139274e-05
0.948890 1.129387e-05
0.948999 1.136390e-05
0.949108 1.146442e-05
0.949218 1.160445e-05
0.949327 1.159660e-05
0.949436 1.060514e-05
0.949545 8.728951e-06
0.949654 8.572727e-06
0.949763 8.329240e-06
0.949872 8.415339e-06
0.949982 9.824113e-06
0.950091 9.259688e-06
0.950200 7.755449e-06
0.950309 1.147228e-05
0.950418 3.886547e-05
0.950527 3.962486e-05
0.950636 4.123815e-05
0.950745 3.077323e-05
0.950855 1.098497e-05
0.950964 1.105165e-05
0.951073 1.159347e-05
0.951182 1.138678e-05
0.951291 1.139418e-05
0.951400 1.136244e-05
0.951509 1.107031e-05
0.951618 1.124901e-05
0.951728 1.072591e-05
0.951837 9.394281e-06
0.951946 1.366970e-05
0.952055 6.026695e-05
0.952164 6.109517e-05
0.952273 6.124491e-05
0.952382 4.865217e-05
0.952492 9.270129e-06
0.952601 8.757375e-06
0.952710 1.006345e-05
0.952819 1.057353e-05
0.952928 9.916875e-06
0.953037 1.009141e-05
0.953146 1.013518e-05
0.953255 1.020012e-05
0.953365 1.103553e-05
0.953474 1.132431e-05
0.953583 1.126585e-05
0.953692 1.039694e-05
0.953801 1.028665e-05
0.953910 1.012652e-05
0.954019 1.015829e-05
0.954128 1.112928e-05
0.954238 1.069808e-05
0.954347 1.090759e-05
0.954456 9.640910e-06
0.954565 8.659836e-06
0.954674 8.623355e-06
0.954783 8.571398e-06
0.954892 1.016663e-05
0.955002 1.077833e-05
0.955111 1.103774e-05
0.955220 1.105269e-05
0.955329 2.887612e-05
0.955438 3.030382e-05
0.955547 2.977503e-05
0.955656 2.966207e-05
0.955765 9.390621e-06
0.955875 9.493140e-06
0.955984 9.816000e-06
0.956093 1.014118e-05
0.956202 1.091434e-05
0.956311 1.129173e-05
0.956420 1.101377e-05
0.956529 1.050108e-05
0.956638 9.713705e-06
0.956748 1.157544e-05
0.956857 4.806433e-05
0.956966 4.830038e-05
0.957075 4.881771e-05
0.957184 4.182680e-05
0.957293 1.039959e-05
0.957402 1.086405e-05
0.957511 1.097943e-05
0.957621 1.145561e-05
0.957730 1.152014e-05
0.957839 1.142332e-05
0.957948 1.141350e-05
0.958057 1.077042e-05
0.958166 9.820526e-06
0.958275 9.169966e-06
0.958385 9.169581e-06
0.958494 1.004937e-05
0.958603 1.100922e-05
0.958712 1.142450e-05
0.958821 1.122369e-05
0.958930 1.073717e-05
0.959039 9.554331e-06
0.959148 9.147741e-06
0.959258 8.748229e-06
0.959367 8.766889e-06
0.959476 9.727524e-06
0.959585 9.904304e-06
0.959694 1.045374e-05
0.959803 1.082106e-05
0.959912 1.059744e-05
0.960021 1.046218e-05
0.960131 1.050706e-05
0.960240 1.067363e-05
0.960349 1.112211e-05
0.960458 1.137496e-05
0.960567 1.083326e-05
0.960676 1.035940e-05
0.960785 1.049317e-05
0.960895 1.965853e-05
0.961004 2.041384e-05
0.961113 2.050225e-05
0.961222 1.942375e-05
0.961331 1.120731e-05
0.961440 1.123108e-05
0.961549 1.133192e-05
0.961658 1.084629e-05
0.961768 1.084747e-05
0.961877 1.066475e-05
0.961986 1.091356e-05
0.962095 1.208773e-05
0.962204 2.554799e-05
0.962313 2.671095e-05
0.962422 2.642744e-05
0.962531 2.277136e-05
0.962641 1.076754e-05
0.962750 1.040305e-05
0.962859 1.056934e-05
0.962968 1.057461e-05
0.963077 1.086429e-05
0.963186 1.139587e-05
0.963295 1.147523e-05
0.963405 1.160014e-05
0.963514 1.161795e-05
0.963623 1.148857e-05
0.963732 1.080854e-05
0.963841 9.909137e-06
0.963950 9.787384e-06
0.964059 9.943528e-06
0.964168 1.016161e-05
0.964278 1.104971e-05
0.964387 1.090146e-05
0.964496 1.098055e-05
0.964605 1.062034e-05
0.964714 9.955041e-06
0.964823 1.010666e-05
0.964932 1.005305e-05
0.965041 1.089514e-05
0.965151 1.139608e-05
0.965260 1.146991e-05
0.965369 1.155823e-05
0.965478 1.195565e-05
0.965587 1.188070e-05
0.965696 1.208123e-05
0.965805 1.181885e-05
0.965915 1.156552e-05
0.966024 1.420516e-05
0.966133 1.386175e-05
0.966242 1.377090e-05
0.966351 1.397788e-05
0.966460 1.157002e-05
0.966569 1.146413e-05
0.966678 1.169020e-05
0.966788 1.096161e-05
0.966897 1.295293e-05
0.967006 2.576916e-05
0.967115 2.534583e-05
0.967224 2.534847e-05
0.967333 2.086752e-05
0.967442 1.115905e-05
0.967551 1.695266e-05
0.967661 1.706534e-05
0.967770 1.706664e-05
0.967879 1.620701e-05
0.967988 1.160520e-05
0.968097 1.461511e-05
0.968206 1.763874e-05
0.968315 4.615649e-05
0.968424 4.757883e-05
0.968534 4.442371e-05
0.968643 4.147237e-05
0.968752 1.173433e-05
0.968861 1.150164e-05
0.968970 1.148671e-05
0.969079 1.232647e-05
0.969188 2.590575e-05
0.969298 2.578148e-05
0.969407 2.580144e-05
0.969516 2.170298e-05
0.969625 1.136215e-05
0.969734 1.149518e-05
0.969843 1.149224e-05
0.969952 1.357990e-05
0.970061 7.531694e-05
0.970171 7.519124e-05
0.970280 7.478599e-05
0.970389 6.463186e-05
0.970498 1.106016e-05
0.970607 1.122643e-05
0.970716 1.155196e-05
0.970825 1.155789e-05
0.970934 1.150680e-05
0.971044 1.141044e-05
0.971153 1.140527e-05
0.971262 3.743584e-05
0.971371 3.813657e-05
0.971480 3.820441e-05
0.971589 3.788728e-05
0.971698 1.109466e-05
0.971808 1.101763e-05
0.971917 1.102063e-05
0.972026 3.088782e-05
0.972135 9.385246e-05
0.972244 9.385457e-05
0.972353 9.379107e-05
0.972462 4.894615e-05
0.972571 1.104417e-05
0.972681 1.103477e-05
0.972790 1.113077e-05
0.972899 1.126533e-05
0.973008 1.066748e-05
0.973117 1.047468e-05
0.973226 1.065083e-05
0.973335 1.000803e-05
0.973444 9.129055e-06
0.973554 1.030052e-05
0.973663 1.501738e-05
0.973772 1.702237e-05
0.973881 2.116611e-05
0.973990 3.045088e-05
0.974099 3.275004e-05
0.974208 2.497492e-05
0.974318 1.315193e-05
0.974427 9.255873e-06
0.974536 1.020177e-05
0.974645 1.324857e-05
0.974754 1.792414e-05
0.974863 2.056259e-05
0.974972 1.555858e-05
0.975081 5.357427e-05
0.975191 8.174338e-05
0.975300 8.029775e-06
0.975409 1.373928e-05
0.975518 1.254160e-05
0.975627 1.017552e-05
0.975736 9.674232e-06
0.975845 9.552000e-06
0.975954 9.832982e-06
0.976064 1.221099e-05
0.976173 1.466736e-05
0.976282 3.581895e-06
0.976391 3.894726e-04
0.976500 5.883076e-04
0.976609 6.232909e-10
0.976718 1.204237e-05
0.976828 1.145406e-05
0.976937 1.243550e-05
0.977046 1.486622e-05
0.977155 1.669970e-05
0.977264 1.745116e-05
0.977373 1.521956e-05
0.977482 1.209809e-05
0.977591 1.175012e-05
0.977701 1.276725e-05
0.977810 1.568205e-05
0.977919 1.749357e-05
0.978028 1.539745e-05
0.978137 1.201397e-05
0.978246 1.172545e-05
0.978355 1.141035e-05
0.978464 9.652109e-06
0.978574 8.780553e-06
0.978683 9.970265e-06
0.978792 1.111459e-05
0.978901 1.140446e-05
0.979010 1.614091e-05
0.979119 4.020425e-05
0.979228 1.141421e-04
0.979337 1.862544e-04
0.979447 1.752702e-04
0.979556 9.444737e-05
0.979665 2.347820e-05
0.979774 1.313491e-05
0.979883 1.715577e-05
0.979992 2.340948e-05
0.980101 4.460843e-05
0.980211 6.529710e-05
0.980320 5.975629e-05
0.980429 3.362428e-05
0.980538 1.321007e-05
0.980647 1.091134e-05
0.980756 1.113338e-05
0.980865 1.411567e-05
0.980974 1.853785e-05
0.981084 1.958134e-05
0.981193 2.137243e-05
0.981302 2.227276e-05
0.981411 2.561559e-05
0.981520 2.787976e-05
0.981629 2.057608e-05
0.981738 1.394714e-05
0.981847 1.583055e-05
0.981957 1.936906e-05
0.982066 1.829325e-05
0.982175 1.534393e-05
0.982284 1.410654e-05
0.982393 1.403277e-05
0.982502 1.341939e-05
0.982611 1.227739e-05
0.982721 1.164012e-05
0.982830 1.219320e-05
0.982939 1.546836e-05
0.983048 1.829716e-05
0.983157 1.699279e-05
0.983266 1.374619e-05
0.983375 1.154041e-05
0.983484 1.199232e-05
0.983594 1.185899e-05
0.983703 1.270618e-05
0.983812 1.134822e-05
0.983921 9.068927e-06
0.984030 9.677925e-06
0.984139 9.024209e-06
0.984248 8.495837e-06
0.984357 8.790583e-06
0.984467 9.016815e-06
0.984576 8.839208e-06
0.984685 9.650022e-06
0.984794 1.096560e-05
0.984903 2.042594e-05
0.985012 4.420418e-05
0.985121 5.766615e-05
0.985231 4.916818e-05
0.985340 2.898012e-05
0.985449 1.835635e-05
0.985558 1.781356e-05
0.985667 1.622525e-05
0.985776 1.272304e-05
0.985885 1.135236e-05
0.985994 1.107466e-05
0.986104 1.010337e-05
0.986213 1.047684e-05
0.986322 1.023849e-05
0.986431 1.027592e-05
0.986540 1.080613e-05
0.986649 1.028162e-05
0.986758 2.281938e-05
0.986867 9.184295e-05
0.986977 4.394642e-05
0.987086 8.973188e-06
0.987195 2.005956e-05
0.987304 6.399014e-05
0.987413 1.370763e-04
0.987522 1.535386e-04
0.987631 1.033154e-04
0.987740 3.481620e-05
0.987850 1.157867e-05
0.987959 1.095177e-05
0.988068 1.078260e-05
0.988177 1.070816e-05
0.988286 1.124230e-05
0.988395 1.112809e-05
0.988504 1.319247e-05
0.988614 1.316072e-05
0.988723 1.581228e-05
0.988832 1.974381e-05
0.988941 1.997541e-05
0.989050 2.002488e-05
0.989159 2.189938e-05
0.989268 1.431589e-05
0.989377 1.206396e-05
0.989487 1.710134e-05
0.989596 3.897686e-05
0.989705 6.379966e-05
0.989814 6.504359e-05
0.989923 4.029372e-05
0.990032 1.611105e-05
0.990141 1.094893e-05
0.990250 1.259071e-05
0.990360 1.320997e-05
0.990469 1.151402e-05
0.990578 1.101681e-05
0.990687 1.089527e-05
0.990796 9.263228e-06
0.990905 8.928029e-06
0.991014 1.018920e-05
0.991124 1.182797e-05
0.991233 1.195236e-05
0.991342 1.232295e-05
0.991451 2.084794e-05
0.991560 6.591419e-05
0.991669 1.376301e-04
0.991778 1.502887e-04
0.991887 1.006383e-04
0.991997 3.360305e-05
0.992106 1.401358e-05
0.992215 1.480601e-05
0.992324 1.754053e-05
0.992433 1.178747e-05
0.992542 1.232199e-05
0.992651 1.717842e-05
0.992760 2.179649e-05
0.992870 1.616668e-05
0.992979 1.306666e-05
0.993088 1.138677e-05
0.993197 1.192209e-05
0.993306 1.177479e-05
0.993415 1.131843e-05
0.993524 1.110314e-05
0.993634 1.032767e-05
0.993743 1.155194e-05
0.993852 1.176109e-05
0.993961 1.094586e-05
0.994070 1.142336e-05
0.994179 1.745597e-05
0.994288 4.756208e-05
0.994397 9.205556e-05
0.994507 1.034058e-04
0.994616 8.961321e-05
0.994725 9.839671e-05
0.994834 1.458269e-04
0.994943 1.639283e-04
0.995052 1.276835e-04
0.995161 6.943238e-05
0.995270 3.375997e-05
0.995380 1.789155e-05
0.995489 1.159537e-05
0.995598 1.198840e-05
0.995707 3.696454e-05
0.995816 9.934839e-05
0.995925 1.436203e-04
0.996034 1.195713e-04
0.996144 6.080655e-05
0.996253 4.433880e-05
0.996362 8.475060e-05
0.996471 1.070253e-04
0.996580 8.014394e-05
0.996689 3.409399e-05
0.996798 1.132766e-05
0.996907 1.007204e-05
0.997017 9.689677e-06
0.997126 1.116379e-05
0.997235 1.518036e-05
0.997344 2.826049e-05
0.997453 4.467663e-05
0.997562 4.605636e-05
0.997671 3.282568e-05
0.997780 1.782585e-05
0.997890 1.466250e-05
0.997999 1.697176e-05
0.998108 1.887121e-05
0.998217 1.806252e-05
0.998326 1.478133e-05
0.998435 1.178441e-05
0.998544 1.005725e-05
0.998653 9.831207e-06
0.998763 9.666782e-06
0.998872 1.000158e-05
0.998981 1.040589e-05
0.999090 1.129966e-05
0.999199 1.131578e-05
0.999308 9.942067e-06
0.999417 9.458031e-06
0.999527 9.325333e-06
0.999636 9.494075e-06
0.999745 9.836682e-06
0.999854 1.032955e-05
0.999963 1.152703e-05
1.000072 1.701499e-05
1.000181 2.769308e-05
1.000290 3.407266e-05
1.000400 2.933939e-05
1.000509 1.996410e-05
1.000618 1.539066e-05
1.000727 1.315810e-05
1.000836 1.089498e-05
1.000945 1.008750e-05
1.001054 9.770275e-06
1.001163 1.369516e-05
1.001273 3.822052e-05
1.001382 1.221401e-04
1.001491 2.307998e-04
1.001600 2.597736e-04
1.001709 1.765247e-04
1.001818 6.567153e-05
1.001927 1.699378e-05
1.002037 1.222284e-05
1.002146 1.304596e-05
1.002255 1.565382e-05
1.002364 1.922706e-05
1.002473 2.162941e-05
1.002582 3.229855e-05
1.002691 6.670673e-05
1.002800 9.338391e-05
1.002910 8.120326e-05
1.003019 4.113325e-05
1.003128 1.849380e-05
1.003237 3.284617e-05
1.003346 2.244235e-05
1.003455 8.262106e-06
1.003564 1.077852e-05
1.003673 1.024959e-05
1.003783 1.045389e-05
1.003892 1.137867e-05
1.004001 1.224925e-05
1.004110 1.258043e-05
1.004219 1.229084e-05
1.004328 1.439961e-05
1.004437 2.708023e-05
1.004547 4.361577e-05
1.004656 4.846507e-05
1.004765 3.667113e-05
1.004874 1.965697e-05
1.004983 1.156843e-05
1.005092 9.968218e-06
1.005201 1.072660e-05
1.005310 1.519449e-05
1.005420 1.227000e-05
1.005529 1.061197e-05
1.005638 1.400276e-05
1.005747 2.008345e-05
1.005856 1.344946e-05
1.005965 1.078379e-05
1.006074 1.892465e-05
1.006183 3.908392e-05
1.006293 6.037577e-05
1.006402 5.964246e-05
1.006511 3.864644e-05
1.006620 1.792196e-05
1.006729 1.360463e-05
1.006838 1.753297e-05
1.006947 2.167684e-05
1.007057 2.308531e-05
1.007166 2.346771e-05
1.007275 2.648847e-05
1.007384 2.752391e-05
1.007493 2.228635e-05
1.007602 1.336951e-05
1.007711 9.974844e-06
1.007820 1.247120e-05
1.007930 1.242561e-05
1.008039 1.202764e-05
1.008148 1.159721e-05
1.008257 2.734703e-05
1.008366 9.061425e-05
1.008475 1.643439e-04
1.008584 1.612576e-04
1.008693 9.684131e-05
1.008803 3.463061e-05
1.008912 1.181810e-05
1.009021 9.547744e-06
1.009130 9.010201e-06
1.009239 8.446669e-06
1.009348 9.117447e-06
1.009457 8.986715e-06
1.009566 9.177412e-06
1.009676 9.982422e-06
1.009785 1.133037e-05
1.009894 1.235637e-05
1.010003 1.429124e-05
1.010112 1.653635e-05
1.010221 1.722140e-05
1.010330 1.777888e-05
1.010440 3.379567e-05
1.010549 6.636392e-05
1.010658 7.955859e-05
1.010767 5.923697e-05
1.010876 2.414806e-05
1.010985 9.194070e-06
1.011094 8.750425e-06
1.011203 1.004973e-05
1.011313 1.153536e-05
1.011422 1.297485e-05
1.011531 8.680236e-06
1.011640 2.878701e-05
1.011749 2.112273e-04
1.011858 3.224680e-04
1.011967 2.092622e-05
1.012076 4.686765e-06
1.012186 9.612931e-06
1.012295 1.028786e-05
1.012404 3.023199e-05
1.012513 1.046413e-04
1.012622 1.973164e-04
1.012731 2.027271e-04
1.012840 1.226926e-04
1.012950 3.187410e-05
1.013059 1.439351e-05
1.013168 3.788221e-05
1.013277 4.500679e-05
1.013386 1.142155e-05
1.013495 1.332081e-05
1.013604 1.372464e-05
1.013713 1.250736e-05
1.013823 1.225268e-05
1.013932 1.265286e-05
1.014041 1.276038e-05
1.014150 1.279974e-05
1.014259 1.296019e-05
1.014368 1.246879e-05
1.014477 1.430872e-05
1.014586 1.809275e-05
1.014696 2.034687e-05
1.014805 1.992910e-05
1.014914 1.925160e-05
1.015023 1.994562e-05
1.015132 2.007474e-05
1.015241 1.999200e-05
1.015350 3.161738e-05
1.015460 6.169149e-05
1.015569 8.375403e-05
1.015678 7.073797e-05
1.015787 3.863310e-05
1.015896 1.993591e-05
1.016005 2.584874e-05
1.016114 3.399585e-05
1.016223 3.152567e-05
1.016333 2.153563e-05
1.016442 1.538131e-05
1.016551 1.843505e-05
1.016660 2.264024e-05
1.016769 2.314090e-05
1.016878 2.019529e-05
1.016987 1.733891e-05
1.017096 1.887051e-05
1.017206 5.034221e-05
1.017315 1.467927e-04
1.017424 2.398298e-04
1.017533 2.255366e-04
1.017642 1.210046e-04
1.017751 3.471879e-05
1.017860 1.495376e-05
1.017970 1.388844e-05
1.018079 1.271595e-05
1.018188 2.059472e-05
1.018297 3.552780e-05
1.018406 4.165275e-05
1.018515 3.317202e-05
1.018624 2.058658e-05
1.018733 1.507186e-05
1.018843 1.488901e-05
1.018952 2.318265e-05
1.019061 6.561867e-05
1.019170 1.304283e-04
1.019279 1.491465e-04
1.019388 1.008518e-04
1.019497 3.724430e-05
1.019606 1.258363e-05
1.019716 1.309355e-05
1.019825 1.306307e-05
1.019934 1.210448e-05
1.020043 1.320498e-05
1.020152 1.582539e-05
1.020261 1.543824e-05
1.020370 2.638369e-05
1.020479 5.267000e-05
1.020589 6.583538e-05
1.020698 5.201262e-05
1.020807 2.708637e-05
1.020916 2.421147e-05
1.021025 4.746840e-05
1.021134 8.920537e-05
1.021243 1.544981e-04
1.021353 1.958991e-04
1.021462 1.683964e-04
1.021571 8.746720e-05
1.021680 2.406362e-05
1.021789 8.846856e-06
1.021898 8.656818e-06
1.022007 8.778101e-06
1.022116 9.541537e-06
1.022226 1.135442e-05
1.022335 1.296814e-05
1.022444 1.186686e-05
1.022553 1.573141e-05
1.022662 4.646244e-05
1.022771 9.672442e-05
1.022880 1.134874e-04
1.022989 8.245380e-05
1.023099 4.264829e-05
1.023208 4.870146e-05
1.023317 7.201095e-05
1.023426 7.963817e-05
1.023535 6.231334e-05
1.023644 2.062508e-05
1.023753 1.342346e-05
1.023863 1.676419e-05
1.023972 1.651202e-05
1.024081 1.624952e-05
1.024190 1.570692e-05
1.024299 1.669354e-05
1.024408 1.826309e-05
1.024517 1.625941e-05
1.024626 1.340328e-05
1.024736 1.085484e-05
1.024845 1.021284e-05
1.024954 2.339248e-05
1.025063 3.193822e-05
1.025172 1.333459e-05
1.025281 9.480719e-06
1.025390 9.771497e-06
1.025499 1.002435e-05
1.025609 1.036227e-05
1.025718 1.169594e-05
1.025827 1.336226e-05
1.025936 1.374533e-05
1.026045 1.344262e-05
1.026154 1.203346e-05
1.026263 1.081768e-05
1.026373 1.178300e-05
1.026482 1.254641e-05
1.026591 1.271703e-05
1.026700 1.262185e-05
1.026809 1.285632e-05
1.026918 1.425491e-05
1.027027 1.558067e-05
1.027136 1.955887e-05
1.027246 3.146220e-05
1.027355 4.175513e-05
1.027464 3.862305e-05
1.027573 2.570159e-05
1.027682 1.427226e-05
1.027791 1.188880e-05
1.027900 1.192677e-05
1.028009 1.252744e-05
1.028119 1.316026e-05
1.028228 1.291713e-05
1.028337 1.237816e-05
1.028446 1.415404e-05
1.028555 2.893175e-05
1.028664 1.016508e-04
1.028773 3.038269e-04
1.028882 5.259373e-04
1.028992 5.271181e-04
1.029101 3.094119e-04
1.029210 8.814678e-05
1.029319 2.072555e-05
1.029428 2.598699e-05
1.029537 2.931728e-05
1.029646 5.258764e-05
1.029756 1.164313e-04
1.029865 1.654130e-04
1.029974 1.411851e-04
1.030083 7.044922e-05
1.030192 1.934046e-05
1.030301 1.196273e-05
1.030410 1.213696e-05
1.030519 1.336185e-05
1.030629 1.537605e-05
1.030738 1.682513e-05
1.030847 1.629291e-05
1.030956 1.955571e-05
1.031065 3.527264e-05
1.031174 5.473074e-05
1.031283 5.831923e-05
1.031392 4.168652e-05
1.031502 2.165641e-05
1.031611 1.305234e-05
1.031720 1.166736e-05
1.031829 1.087119e-05
1.031938 1.002703e-05
1.032047 1.006258e-05
1.032156 1.067220e-05
1.032266 1.082794e-05
1.032375 1.064435e-05
1.032484 1.066851e-05
1.032593 1.115794e-05
1.032702 1.238705e-05
1.032811 1.489597e-05
1.032920 1.832578e-05
1.033029 2.025318e-05
1.033139 1.882153e-05
1.033248 1.504362e-05
1.033357 1.201242e-05
1.033466 1.054339e-05
1.033575 9.803171e-06
1.033684 9.525746e-06
1.033793 9.222558e-06
1.033902 8.866311e-06
1.034012 1.087170e-05
1.034121 1.801906e-05
1.034230 2.596119e-05
1.034339 2.646537e-05
1.034448 2.027416e-05
1.034557 1.493949e-05
1.034666 1.493510e-05
1.034776 3.577287e-05
1.034885 8.299802e-05
1.034994 1.168604e-04
1.035103 1.023318e-04
1.035212 5.409330e-05
1.035321 2.123925e-05
1.035430 1.872341e-05
1.035539 2.844544e-05
1.035649 3.596486e-05
1.035758 3.374975e-05
1.035867 2.353755e-05
1.035976 1.403185e-05
1.036085 1.051749e-05
1.036194 1.050821e-05
1.036303 1.017987e-05
1.036412 1.020888e-05
1.036522 9.970209e-06
1.036631 9.651513e-06
1.036740 1.082319e-05
1.036849 1.230479e-05
1.036958 1.278836e-05
1.037067 1.223622e-05
1.037176 1.200664e-05
1.037286 3.960697e-05
1.037395 1.703856e-04
1.037504 3.402254e-04
1.037613 3.633046e-04
1.037722 2.229298e-04
1.037831 6.486951e-05
1.037940 1.285364e-05
1.038049 1.015313e-05
1.038159 1.035678e-05
1.038268 1.067195e-05
1.038377 1.104513e-05
1.038486 1.090245e-05
1.038595 1.047813e-05
1.038704 1.074176e-05
1.038813 1.652479e-05
1.038922 1.896415e-05
1.039032 1.493590e-05
1.039141 1.650702e-05
1.039250 1.703344e-05
1.039359 1.593158e-05
1.039468 1.420434e-05
1.039577 1.406107e-05
1.039686 3.447769e-05
1.039795 9.509895e-05
1.039905 1.492777e-04
1.040014 1.363250e-04
1.040123 7.234649e-05
1.040232 2.132917e-05
1.040341 1.186231e-05
1.040450 1.176211e-05
1.040559 1.178301e-05
1.040669 1.154987e-05
1.040778 1.100415e-05
1.040887 1.109365e-05
1.040996 1.183961e-05
1.041105 1.334744e-05
1.041214 1.423734e-05
1.041323 1.478549e-05
1.041432 1.488507e-05
1.041542 1.388314e-05
1.041651 1.469028e-05
1.041760 2.260020e-05
1.041869 8.418829e-05
1.041978 2.498233e-04
1.042087 3.934351e-04
1.042196 3.560537e-04
1.042305 1.808775e-04
1.042415 4.439491e-05
1.042524 1.985711e-05
1.042633 2.028545e-05
1.042742 1.795928e-05
1.042851 1.635458e-05
1.042960 1.825539e-05
1.043069 2.297599e-05
1.043179 2.474432e-05
1.043288 2.105642e-05
1.043397 1.549114e-05
1.043506 1.168588e-05
1.043615 1.078915e-05
1.043724 1.051105e-05
1.043833 1.005753e-05
1.043942 9.974206e-06
1.044052 9.818431e-06
1.044161 9.825736e-06
1.044270 1.017299e-05
1.044379 1.007485e-05
1.044488 9.735743e-06
1.044597 9.750780e-06
1.044706 9.964985e-06
1.044815 1.108626e-05
1.044925 1.201466e-05
1.045034 1.807990e-05
1.045143 5.128176e-05
1.045252 1.034524e-04
1.045361 1.211843e-04
1.045470 8.370534e-05
1.045579 3.284105e-05
1.045689 1.077955e-05
1.045798 9.406963e-06
1.045907 9.022055e-06
1.046016 8.700571e-06
1.046125 8.861928e-06
1.046234 9.002403e-06
1.046343 8.936412e-06
1.046452 9.154988e-06
1.046562 9.822954e-06
1.046671 1.144958e-05
1.046780 1.245563e-05
1.046889 3.118602e-05
1.046998 1.178079e-04
1.047107 2.335776e-04
1.047216 2.586235e-04
1.047325 1.681381e-04
1.047435 5.833084e-05
1.047544 1.405787e-05
1.047653 1.197171e-05
1.047762 1.167086e-05
1.047871 1.098082e-05
1.047980 1.072365e-05
1.048089 1.017472e-05
1.048199 9.578827e-06
1.048308 9.543330e-06
1.048417 9.555712e-06
1.048526 9.539720e-06
1.048635 9.972924e-06
1.048744 1.170173e-05
1.048853 1.505240e-05
1.048962 1.819791e-05
1.049072 1.850279e-05
1.049181 1.660676e-05
1.049290 1.436213e-05
1.049399 1.213074e-05
1.049508 9.892476e-06
1.049617 8.903957e-06
1.049726 9.480982e-06
1.049835 9.754168e-06
1.049945 1.099249e-05
1.050054 1.390019e-05
1.050163 1.515036e-05
1.050272 1.356853e-05
1.050381 1.149997e-05
1.050490 1.104627e-05
1.050599 1.173145e-05
1.050708 1.180661e-05
1.050818 1.151672e-05
1.050927 1.685515e-05
1.051036 4.017064e-05
1.051145 6.716526e-05
1.051254 7.166204e-05
1.051363 4.931270e-05
1.051472 2.402767e-05
1.051582 1.670314e-05
1.051691 1.812018e-05
1.051800 1.872933e-05
1.051909 1.671523e-05
1.052018 1.398766e-05
1.052127 1.201150e-05
1.052236 1.094526e-05
1.052345 1.011958e-05
1.052455 1.595146e-05
1.052564 5.258369e-05
1.052673 1.094365e-04
1.052782 1.322510e-04
1.052891 9.582648e-05
1.053000 3.972947e-05
1.053109 1.221534e-05
1.053218 8.811308e-06
1.053328 9.107917e-06
1.053437 9.149209e-06
1.053546 9.143465e-06
1.053655 8.926646e-06
1.053764 8.986913e-06
1.053873 9.120438e-06
1.053982 8.687822e-06
1.054092 8.383669e-06
1.054201 8.382361e-06
1.054310 8.903265e-06
1.054419 8.705659e-06
1.054528 8.656378e-06
1.054637 9.464172e-06
1.054746 9.721733e-06
1.054855 9.833365e-06
1.054965 9.844015e-06
1.055074 9.525260e-06
1.055183 1.050440e-05
1.055292 1.314150e-05
1.055401 1.549422e-05
1.055510 1.634949e-05
1.055619 1.233852e-05
1.055728 2.044454e-05
1.055838 5.130814e-05
1.055947 3.664362e-05
1.056056 9.198160e-06
1.056165 9.575630e-06
1.056274 9.763903e-06
1.056383 9.863526e-06
1.056492 9.735979e-06
1.056602 9.069203e-06
1.056711 8.916009e-06
1.056820 1.019356e-05
1.056929 1.193294e-05
1.057038 1.250784e-05
1.057147 1.218812e-05
1.057256 1.410273e-05
1.057365 2.299531e-05
1.057475 3.425207e-05
1.057584 3.552870e-05
1.057693 2.523145e-05
1.057802 1.507346e-05
1.057911 1.219185e-05
1.058020 1.125276e-05
1.058129 1.060143e-05
1.058238 1.086290e-05
1.058348 9.956014e-06
1.058457 1.187869e-05
1.058566 1.811734e-05
1.058675 2.956934e-05
1.058784 4.893444e-05
1.058893 5.725583e-05
1.059002 4.308665e-05
1.059112 2.313252e-05
1.059221 1.295049e-05
1.059330 1.064828e-05
1.059439 9.989984e-06
1.059548 9.802939e-06
1.059657 1.037837e-05
1.059766 1.082813e-05
1.059875 1.099041e-05
1.059985 1.140718e-05
1.060094 1.199571e-05
1.060203 1.275798e-05
1.060312 1.318234e-05
1.060421 1.242808e-05
1.060530 1.081689e-05
1.060639 1.002259e-05
1.060748 1.061974e-05
1.060858 1.063500e-05
1.060967 9.621574e-06
1.061076 9.549369e-06
1.061185 1.050233e-05
1.061294 1.099983e-05
1.061403 1.151127e-05
1.061512 1.201682e-05
1.061621 1.191098e-05
1.061731 1.278935e-05
1.061840 1.449417e-05
1.061949 1.539829e-05
1.062058 1.450563e-05
1.062167 1.232647e-05
1.062276 1.078289e-05
1.062385 1.059291e-05
1.062495 1.125333e-05
1.062604 1.192681e-05
1.062713 1.225570e-05
1.062822 1.271703e-05
1.062931 1.309548e-05
1.063040 1.289172e-05
1.063149 1.229934e-05
1.063258 1.158013e-05
1.063368 1.045675e-05
1.063477 1.030016e-05
1.063586 1.150661e-05
1.063695 1.244408e-05
1.063804 1.178869e-05
1.063913 1.013171e-05
1.064022 9.239170e-06
1.064131 1.205433e-05
1.064241 1.785503e-05
1.064350 2.163257e-05
1.064459 1.981430e-05
1.064568 1.590351e-05
1.064677 1.439864e-05
1.064786 1.358683e-05
1.064895 1.161250e-05
1.065005 1.060506e-05
1.065114 1.154489e-05
1.065223 1.456665e-05
1.065332 2.118153e-05
1.065441 2.745411e-05
1.065550 2.792038e-05
1.065659 2.167792e-05
1.065768 1.365405e-05
1.065878 9.884857e-06
1.065987 9.859100e-06
1.066096 1.009122e-05
1.066205 1.216774e-05
1.066314 1.505666e-05
1.066423 1.243123e-05
1.066532 9.754763e-06
1.066641 9.611422e-06
1.066751 1.144896e-05
1.066860 1.272955e-05
1.066969 1.282435e-05
1.067078 1.252221e-05
1.067187 1.294437e-05
1.067296 1.281049e-05
1.067405 1.194255e-05
1.067515 1.096010e-05
1.067624 9.949649e-06
1.067733 9.335296e-06
1.067842 9.229815e-06
1.067951 8.937621e-06
1.068060 8.617681e-06
1.068169 9.019833e-06
1.068278 1.076572e-05
1.068388 1.319260e-05
1.068497 1.806642e-05
1.068606 2.471896e-05
1.068715 3.024334e-05
1.068824 3.178241e-05
1.068933 3.417434e-05
1.069042 3.676481e-05
1.069151 3.580149e-05
1.069261 3.126131e-05
1.069370 2.823331e-05
1.069479 2.645421e-05
1.069588 2.129574e-05
1.069697 1.734137e-05
1.069806 3.013681e-05
1.069915 5.318165e-05
1.070024 6.159691e-05
1.070134 4.893329e-05
1.070243 3.073351e-05
1.070352 2.408189e-05
1.070461 3.054323e-05
1.070570 3.970824e-05
1.070679 3.895729e-05
1.070788 2.705619e-05
1.070898 1.543265e-05
1.071007 1.213694e-05
1.071116 3.300191e-05
1.071225 8.995482e-05
1.071334 1.336607e-04
1.071443 1.218640e-04
1.071552 6.742009e-05
1.071661 3.211729e-05
1.071771 2.795575e-05
1.071880 2.700108e-05
1.071989 2.131359e-05
1.072098 2.619566e-05
1.072207 5.128225e-05
1.072316 6.898892e-05
1.072425 5.978957e-05
1.072534 3.462071e-05
1.072644 2.123832e-05
1.072753 1.827019e-05
1.072862 2.597467e-05
1.072971 9.510113e-05
1.073080 2.072210e-04
1.073189 2.446699e-04
1.073298 1.690093e-04
1.073408 6.133669e-05
1.073517 1.489933e-05
1.073626 9.582599e-06
1.073735 1.201023e-05
1.073844 1.671146e-05
1.073953 1.876281e-05
1.074062 1.646377e-05
1.074171 1.211840e-05
1.074281 1.139434e-05
1.074390 3.496345e-05
1.074499 8.162826e-05
1.074608 1.077792e-04
1.074717 8.566603e-05
1.074826 4.119597e-05
1.074935 1.873822e-05
1.075044 1.710333e-05
1.075154 7.584095e-05
1.075263 2.084538e-04
1.075372 3.034623e-04
1.075481 2.553450e-04
1.075590 1.180338e-04
1.075699 3.042489e-05
1.075808 1.177430e-05
1.075918 1.265355e-05
1.076027 1.446478e-05
1.076136 1.433543e-05
1.076245 1.254644e-05
1.076354 1.314779e-05
1.076463 1.593194e-05
1.076572 1.739727e-05
1.076681 1.595914e-05
1.076791 1.367767e-05
1.076900 1.194414e-05
1.077009 1.079562e-05
1.077118 9.824098e-06
1.077227 1.936966e-05
1.077336 6.049313e-05
1.077445 1.048462e-04
1.077554 1.070713e-04
1.077664 6.332889e-05
1.077773 2.215296e-05
1.077882 1.002605e-05
1.077991 9.802636e-06
1.078100 9.588134e-06
1.078209 9.708657e-06
1.078318 1.007737e-05
1.078428 1.073973e-05
1.078537 1.130954e-05
1.078646 1.125839e-05
1.078755 1.074654e-05
1.078864 1.510830e-05
1.078973 1.421735e-05
1.079082 9.645282e-06
1.079191 8.617029e-06
1.079301 1.091500e-05
1.079410 1.476812e-05
1.079519 1.832544e-05
1.079628 2.010101e-05
1.079737 1.756529e-05
1.079846 1.310740e-05
1.079955 1.070428e-05
1.080064 1.017063e-05
1.080174 1.136814e-05
1.080283 1.397998e-05
1.080392 1.563922e-05
1.080501 1.504387e-05
1.080610 1.277431e-05
1.080719 1.033809e-05
1.080828 9.750494e-06
1.080937 1.040117e-05
1.081047 1.126311e-05
1.081156 1.109406e-05
1.081265 1.069171e-05
1.081374 1.027646e-05
1.081483 1.095458e-05
1.081592 7.677946e-06
1.081701 1.944037e-05
1.081811 2.136501e-04
1.081920 1.472525e-04
1.082029 2.376949e-05
1.082138 8.750660e-06
1.082247 1.115837e-05
1.082356 9.835260e-06
1.082465 9.516266e-06
1.082574 9.116609e-06
1.082684 9.542454e-06
1.082793 9.924181e-06
1.082902 1.433790e-05
1.083011 3.861983e-05
1.083120 1.142473e-04
1.083229 3.751266e-04
1.083338 7.009536e-04
1.083447 7.680239e-04
1.083557 4.992852e-04
1.083666 1.663013e-04
1.083775 3.054132e-05
1.083884 2.032673e-05
1.083993 2.992748e-05
1.084102 3.400807e-05
1.084211 6.233982e-05
1.084321 1.665713e-04
1.084430 2.540404e-04
1.084539 2.341632e-04
1.084648 1.179598e-04
1.084757 3.193267e-05
1.084866 1.058695e-05
1.084975 1.159065e-05
1.085084 1.422935e-05
1.085194 1.502781e-05
1.085303 1.595679e-05
1.085412 1.714380e-05
1.085521 1.670360e-05
1.085630 1.548276e-05
1.085739 3.315149e-05
1.085848 7.041244e-05
1.085957 8.998532e-05
1.086067 7.195042e-05
1.086176 3.685195e-05
1.086285 1.637895e-05
1.086394 1.074907e-05
1.086503 8.650406e-06
1.086612 8.249675e-06
1.086721 8.199296e-06
1.086831 8.299544e-06
1.086940 8.357803e-06
1.087049 8.159857e-06
1.087158 8.717479e-06
1.087267 1.043081e-05
1.087376 1.165803e-05
1.087485 1.318995e-05
1.087594 1.717839e-05
1.087704 2.554114e-05
1.087813 3.397967e-05
1.087922 3.602481e-05
1.088031 2.893737e-05
1.088140 1.886834e-05
1.088249 1.127166e-05
1.088358 8.054633e-06
1.088467 8.325119e-06
1.088577 1.082576e-05
1.088686 1.258719e-05
1.088795 1.229462e-05
1.088904 9.802737e-06
1.089013 8.809169e-06
1.089122 8.736459e-06
1.089231 8.544087e-06
1.089341 8.534355e-06
1.089450 7.616495e-06
1.089559 1.529383e-05
1.089668 6.660495e-05
1.089777 1.457054e-04
1.089886 1.709603e-04
1.089995 1.125473e-04
1.090104 9.236629e-05
1.090214 1.226808e-04
1.090323 4.286951e-05
1.090432 1.606447e-05
1.090541 1.650884e-05
1.090650 1.380107e-05
1.090759 1.162524e-05
1.090868 1.044074e-05
1.090977 9.368344e-06
1.091087 8.559856e-06
1.091196 8.621643e-06
1.091305 8.538182e-06
1.091414 8.135150e-06
1.091523 7.868169e-06
1.091632 7.859884e-06
1.091741 7.851214e-06
1.091850 8.137240e-06
1.091960 8.779399e-06
1.092069 9.811063e-06
1.092178 1.084869e-05
1.092287 1.248968e-05
1.092396 1.111289e-04
1.092505 3.577457e-04
1.092614 5.436323e-04
1.092724 4.661996e-04
1.092833 2.152017e-04
1.092942 4.741840e-05
1.093051 1.185794e-05
1.093160 9.618846e-06
1.093269 9.154838e-06
1.093378 8.968042e-06
1.093487 8.617475e-06
1.093597 8.389582e-06
1.093706 7.800386e-06
1.093815 7.915792e-06
1.093924 9.318695e-06
1.094033 9.951703e-06
1.094142 9.271228e-06
1.094251 8.485372e-06
1.094360 8.102443e-06
1.094470 8.067125e-06
1.094579 7.819343e-06
1.094688 8.302603e-06
1.094797 9.830386e-06
1.094906 5.973427e-05
1.095015 1.590808e-04
1.095124 2.186441e-04
1.095234 1.741632e-04
1.095343 7.670509e-05
1.095452 2.069137e-05
1.095561 9.916630e-06
1.095670 8.839335e-06
1.095779 8.006727e-06
1.095888 7.945321e-06
1.095997 8.017878e-06
1.096107 8.482606e-06
1.096216 9.784742e-06
1.096325 1.185349e-05
1.096434 1.362827e-05
1.096543 1.414442e-05
1.096652 1.413808e-05
1.096761 1.444206e-05
1.096870 1.605146e-05
1.096980 1.713042e-05
1.097089 1.682767e-05
1.097198 2.171621e-05
1.097307 1.679731e-04
1.097416 4.579749e-04
1.097525 6.267954e-04
1.097634 4.875441e-04
1.097744 2.005871e-04
1.097853 4.344449e-05
1.097962 1.487514e-05
1.098071 1.284602e-05
1.098180 1.079826e-05
1.098289 9.483162e-06
1.098398 1.247757e-05
1.098507 1.722824e-05
1.098617 1.857500e-05
1.098726 1.578743e-05
1.098835 1.110489e-05
1.098944 9.096680e-06
1.099053 9.617791e-06
1.099162 1.057558e-05
1.099271 9.646142e-06
1.099380 8.213540e-06
1.099490 8.376650e-06
1.099599 8.173519e-06
1.099708 7.668231e-06
1.099817 7.978347e-06
1.099926 8.311247e-06
1.100035 8.052575e-06
1.100144 8.361109e-06
1.100254 9.482775e-06
1.100363 8.994468e-06
1.100472 8.943040e-06
1.100581 9.585495e-06
1.100690 4.173403e-05
1.100799 1.278651e-04
1.100908 1.870582e-04
1.101017 1.607971e-04
1.101127 7.166169e-05
1.101236 1.883806e-05
1.101345 9.678322e-06
1.101454 8.682419e-06
1.101563 7.538096e-06
1.101672 7.544832e-06
1.101781 7.244300e-06
1.101890 6.839352e-06
1.102000 6.677861e-06
1.102109 7.053176e-06
1.102218 7.602447e-06
1.102327 7.909151e-06
1.102436 8.370290e-06
1.102545 9.093483e-06
1.102654 1.941351e-05
1.102763 1.323513e-04
1.102873 3.473455e-04
1.102982 4.531406e-04
1.103091 3.483659e-04
1.103200 1.383847e-04
1.103309 2.995758e-05
1.103418 1.021247e-05
1.103527 9.042823e-06
1.103637 1.462819e-05
1.103746 8.513579e-06
1.103855 9.080534e-06
1.103964 1.094087e-05
1.104073 1.166271e-05
1.104182 1.195589e-05
1.104291 1.039211e-05
1.104400 1.039460e-05
1.104510 1.045434e-05
1.104619 9.999781e-06
1.104728 9.539586e-06
1.104837 1.451144e-05
1.104946 1.111642e-05
1.105055 2.867874e-05
1.105164 4.918276e-05
1.105273 2.657033e-05
1.105383 1.937930e-05
1.105492 2.021947e-05
1.105601 1.500185e-05
1.105710 1.097656e-05
1.105819 9.964504e-06
1.105928 9.848039e-06
1.106037 9.560235e-06
1.106147 9.880082e-06
1.106256 1.130082e-05
1.106365 1.327100e-05
1.106474 1.316786e-05
1.106583 1.137466e-05
1.106692 1.336093e-05
1.106801 2.446244e-05
1.106910 1.804448e-05
1.107020 3.722390e-05
1.107129 9.063376e-05
1.107238 1.180452e-04
1.107347 9.566970e-05
1.107456 4.172201e-05
1.107565 1.309626e-05
1.107674 8.271375e-06
1.107783 7.939361e-06
1.107893 8.418376e-06
1.108002 9.245900e-06
1.108111 9.710800e-06
1.108220 1.410608e-05
1.108329 1.867966e-05
1.108438 1.996526e-05
1.108547 1.543098e-05
1.108657 1.413714e-05
1.108766 5.535591e-05
1.108875 1.618497e-04
1.108984 2.321953e-04
1.109093 1.992338e-04
1.109202 9.334784e-05
1.109311 2.409855e-05
1.109420 8.107714e-06
1.109530 7.979086e-06
1.109639 7.491949e-06
1.109748 7.876156e-06
1.109857 8.773968e-06
1.109966 7.514373e-06
1.110075 7.141220e-06
1.110184 7.843856e-06
1.110293 9.093409e-06
1.110403 8.623736e-06
1.110512 8.110421e-06
1.110621 8.022835e-06
1.110730 7.893961e-06
1.110839 8.603968e-06
1.110948 8.698710e-06
1.111057 8.341292e-06
1.111166 8.038400e-06
1.111276 7.290051e-06
1.111385 7.057277e-06
1.111494 7.351609e-06
1.111603 7.609159e-06
1.111712 7.652168e-06
1.111821 7.793984e-06
1.111930 7.937791e-06
1.112040 7.758680e-06
1.112149 9.265399e-06
1.112258 1.159889e-05
1.112367 1.318471e-05
1.112476 1.451957e-05
1.112585 1.153673e-05
1.112694 9.356842e-06
1.112803 7.584029e-06
1.112913 7.195243e-06
1.113022 6.918514e-06
1.113131 6.556540e-06
1.113240 6.677281e-06
1.113349 6.988004e-06
1.113458 6.584341e-06
1.113567 6.243565e-06
1.113676 6.832678e-06
1.113786 9.499167e-06
1.113895 2.194713e-05
1.114004 4.464966e-05
1.114113 5.358376e-05
1.114222 4.060614e-05
1.114331 1.746323e-05
1.114440 7.847591e-06
1.114550 6.969215e-06
1.114659 7.382792e-06
1.114768 7.684466e-06
1.114877 7.689271e-06
1.114986 6.813979e-06
1.115095 5.816259e-06
1.115204 5.648951e-06
1.115313 1.259613e-05
1.115423 4.170625e-05
1.115532 8.128186e-05
1.115641 9.325508e-05
1.115750 6.327762e-05
1.115859 2.507967e-05
1.115968 9.797472e-06
1.116077 7.446814e-06
1.116186 8.772281e-06
1.116296 1.069837e-05
1.116405 1.245045e-05
1.116514 1.367353e-05
1.116623 1.158596e-05
1.116732 1.148336e-05
1.116841 1.688550e-06
1.116950 7.756341e-05
1.117060 1.808565e-04
1.117169 2.988978e-05
1.117278 1.056363e-05
1.117387 8.051397e-06
1.117496 5.975516e-06
1.117605 6.470686e-06
1.117714 7.609051e-06
1.117823 7.562359e-06
1.117933 8.164575e-06
1.118042 7.982104e-06
1.118151 7.660157e-06
1.118260 8.212467e-06
1.118369 8.654137e-06
1.118478 7.657319e-06
1.118587 8.474050e-06
1.118696 8.446404e-06
1.118806 7.698890e-06
1.118915 7.161814e-06
1.119024 7.485809e-06
1.119133 7.459820e-06
1.119242 7.624351e-06
1.119351 6.299625e-06
1.119460 6.427751e-06
1.119570 7.981850e-06
1.119679 8.048652e-06
1.119788 1.229867e-05
1.119897 -2.321396e-05
1.120006 2.349687e-04
1.120115 5.107683e-04
1.120224 3.823506e-05
1.120333 6.375711e-06
1.120443 7.966372e-06
1.120552 7.850367e-06
1.120661 9.045182e-06
1.120770 8.606822e-06
1.120879 9.217530e-06
1.120988 1.000394e-05
1.121097 1.015314e-05
1.121206 1.072580e-05
1.121316 1.541318e-05
1.121425 2.090532e-05
1.121534 2.194707e-05
1.121643 1.749995e-05
1.121752 1.027153e-05
1.121861 6.707933e-06
1.121970 5.833225e-06
1.122079 7.315622e-06
1.122189 7.249635e-06
1.122298 7.054229e-06
1.122407 7.205255e-06
1.122516 7.566501e-06
1.122625 1.688316e-05
1.122734 2.841524e-05
1.122843 3.011226e-05
1.122953 2.241802e-05
1.123062 1.445202e-05
1.123171 9.006082e-06
1.123280 8.078284e-06
1.123389 8.487435e-06
1.123498 6.755439e-06
1.123607 5.887233e-06
1.123716 6.201188e-06
1.123826 7.219114e-06
1.123935 7.579549e-06
1.124044 7.195753e-06
1.124153 6.741863e-06
1.124262 8.394141e-06
1.124371 8.782561e-06
1.124480 8.080033e-06
1.124589 8.465212e-06
1.124699 8.649254e-06
1.124808 8.660578e-06
1.124917 8.359857e-06
1.125026 8.445894e-06
1.125135 8.029886e-06
1.125244 7.755283e-06
1.125353 6.562934e-06
1.125463 5.811993e-06
1.125572 4.953210e-06
1.125681 6.486915e-06
1.125790 7.518501e-06
1.125899 8.600680e-06
1.126008 1.131816e-05
1.126117 1.242275e-05
1.126226 1.103130e-05
1.126336 1.001952e-05
1.126445 1.010325e-05
1.126554 1.033743e-05
1.126663 9.040200e-06
1.126772 9.272621e-06
1.126881 1.435939e-05
1.126990 -3.356614e-05
1.127099 3.221304e-04
1.127209 6.156267e-04
1.127318 1.845072e-05
1.127427 1.437022e-05
1.127536 1.103058e-05
1.127645 9.966710e-06
1.127754 9.411985e-06
1.127863 1.041959e-05
1.127973 8.710603e-06
1.128082 8.611981e-06
1.128191 1.399745e-05
1.128300 1.915250e-05
1.128409 1.656438e-05
1.128518 1.193575e-05
1.128627 1.331243e-05
1.128736 1.440400e-05
1.128846 1.635070e-05
1.128955 2.320844e-05
1.129064 3.222517e-05
1.129173 3.146089e-05
1.129282 2.362128e-05
1.129391 2.107302e-05
1.129500 2.350901e-05
1.129609 2.702255e-05
1.129719 3.814388e-05
1.129828 4.848076e-05
1.129937 8.711632e-05
1.130046 1.062676e-04
1.130155 2.310113e-05
1.130264 1.054991e-05
1.130373 1.238247e-05
1.130483 1.975982e-05
1.130592 2.498057e-05
1.130701 2.641588e-05
1.130810 2.622609e-05
1.130919 2.415731e-05
1.131028 2.146002e-05
1.131137 3.251814e-05
1.131246 5.265548e-05
1.131356 5.461976e-05
1.131465 3.595038e-05
1.131574 1.539390e-05
1.131683 2.235010e-05
1.131792 4.628144e-05
1.131901 5.864168e-05
1.132010 5.549161e-05
1.132119 -2.472611e-05
1.132229 3.640384e-04
1.132338 7.682047e-04
1.132447 1.983051e-05
1.132556 1.945273e-05
1.132665 1.388313e-05
1.132774 9.883527e-06
1.132883 1.558813e-05
1.132992 3.847744e-05
1.133102 6.578651e-05
1.133211 7.858619e-05
1.133320 6.668521e-05
1.133429 4.223820e-05
1.133538 2.239166e-05
1.133647 1.305097e-05
1.133756 1.303473e-05
1.133866 1.281705e-05
1.133975 9.235983e-06
1.134084 3.058236e-05
1.134193 8.590650e-05
1.134302 1.184346e-04
1.134411 9.791526e-05
1.134520 4.422699e-05
1.134629 1.815618e-05
1.134739 1.749946e-05
1.134848 1.464970e-05
1.134957 1.449289e-05
1.135066 1.848684e-05
1.135175 2.187134e-05
1.135284 3.945500e-05
1.135393 6.229008e-05
1.135502 5.916109e-05
1.135612 4.311637e-05
1.135721 2.236727e-05
1.135830 2.193476e-05
1.135939 2.889016e-05
1.136048 3.376659e-05
1.136157 3.089603e-05
1.136266 4.045766e-05
1.136376 6.318931e-05
1.136485 6.527476e-05
1.136594 4.742725e-05
1.136703 2.458123e-05
1.136812 1.744263e-05
1.136921 1.532996e-05
1.137030 1.744351e-05
