# wavelength[micron] photons/cm^2/s/Angstrom/arcsec^2
1.921000 5.448065e-05
1.921217 4.977589e-05
1.921434 4.481369e-05
1.921652 4.199648e-05
1.921869 3.845847e-05
1.922086 3.690327e-05
1.922303 3.748778e-05
1.922520 3.840870e-05
1.922738 3.983947e-05
1.922955 4.092089e-05
1.923172 4.163744e-05
1.923389 4.421913e-05
1.923606 4.993739e-05
1.923824 6.147634e-05
1.924041 7.388422e-05
1.924258 1.056327e-04
1.924475 5.983873e-04
1.924692 1.979015e-03
1.924909 3.260842e-03
1.925127 3.058038e-03
1.925344 1.610296e-03
1.925561 4.160273e-04
1.925778 6.742133e-05
1.925995 5.675814e-05
1.926213 5.346782e-05
1.926430 4.933424e-05
1.926647 5.148803e-05
1.926864 5.513591e-05
1.927081 5.604922e-05
1.927299 5.337330e-05
1.927516 4.888388e-05
1.927733 4.524358e-05
1.927950 4.483751e-05
1.928167 4.861153e-05
1.928385 5.340208e-05
1.928602 5.510626e-05
1.928819 5.207267e-05
1.929036 5.464682e-05
1.929253 8.492381e-05
1.929471 1.373791e-04
1.929688 1.708145e-04
1.929905 1.561832e-04
1.930122 1.098220e-04
1.930339 6.991046e-05
1.930557 5.419750e-05
1.930774 5.289220e-05
1.930991 6.073903e-05
1.931208 8.747846e-05
1.931425 1.240714e-04
1.931643 1.529746e-04
1.931860 1.594906e-04
1.932077 1.360166e-04
1.932294 9.556005e-05
1.932511 5.100728e-05
1.932728 1.369406e-04
1.932946 3.344592e-04
1.933163 3.311637e-04
1.933380 1.767189e-04
1.933597 1.380519e-04
1.933814 1.628667e-04
1.934032 1.548081e-04
1.934249 1.455884e-04
1.934466 3.474466e-04
1.934683 8.820352e-04
1.934900 1.371512e-03
1.935118 1.289140e-03
1.935335 7.120316e-04
1.935552 2.373775e-04
1.935769 1.096311e-04
1.935986 1.134464e-04
1.936204 9.688914e-05
1.936421 7.014077e-05
1.936638 5.675715e-05
1.936855 5.181528e-05
1.937072 4.702659e-05
1.937290 4.344223e-05
1.937507 4.253739e-05
1.937724 4.481450e-05
1.937941 4.909197e-05
1.938158 5.089949e-05
1.938376 5.042034e-05
1.938593 5.371668e-05
1.938810 7.034790e-05
1.939027 9.198745e-05
1.939244 1.611475e-04
1.939462 4.812303e-04
1.939679 1.038162e-03
1.939896 1.342208e-03
1.940113 1.035671e-03
1.940330 4.507505e-04
1.940547 1.130247e-04
1.940765 5.288492e-05
1.940982 5.601682e-05
1.941199 5.360986e-05
1.941416 5.136948e-05
1.941633 4.775393e-05
1.941851 4.346404e-05
1.942068 3.977829e-05
1.942285 3.765971e-05
1.942502 3.751148e-05
1.942719 3.763690e-05
1.942937 3.788986e-05
1.943154 4.059483e-05
1.943371 4.474592e-05
1.943588 4.569074e-05
1.943805 4.255909e-05
1.944023 3.931543e-05
1.944240 3.797698e-05
1.944457 3.909781e-05
1.944674 4.181609e-05
1.944891 4.218868e-05
1.945109 3.994252e-05
1.945326 3.786997e-05
1.945543 4.112087e-05
1.945760 5.814374e-05
1.945977 8.142350e-05
1.946195 1.068092e-04
1.946412 1.386256e-04
1.946629 1.278480e-04
1.946846 1.374398e-04
1.947063 1.622954e-04
1.947281 1.641204e-04
1.947498 1.473232e-04
1.947715 1.282300e-04
1.947932 1.167891e-04
1.948149 1.082709e-04
1.948366 9.909630e-05
1.948584 9.476334e-05
1.948801 8.269546e-05
1.949018 6.956270e-05
1.949235 6.463654e-05
1.949452 7.143229e-05
1.949670 8.513092e-05
1.949887 9.236311e-05
1.950104 8.708438e-05
1.950321 7.186994e-05
1.950538 7.973716e-05
1.950756 1.348623e-04
1.950973 2.116729e-04
1.951190 3.032439e-04
1.951407 5.663554e-04
1.951624 1.012691e-03
1.951842 1.245253e-03
1.952059 1.026441e-03
1.952276 5.853059e-04
1.952493 3.558193e-04
1.952710 3.226505e-04
1.952928 2.935777e-04
1.953145 2.017082e-04
1.953362 1.401663e-04
1.953579 1.650197e-04
1.953796 2.060014e-04
1.954014 1.977292e-04
1.954231 1.550441e-04
1.954448 1.108122e-04
1.954665 7.648128e-05
1.954882 7.197314e-05
1.955100 1.264283e-04
1.955317 2.147360e-04
1.955534 3.892203e-04
1.955751 8.281192e-04
1.955968 1.057277e-03
1.956185 8.428423e-04
1.956403 4.910880e-04
1.956620 1.849282e-04
1.956837 8.478457e-05
1.957054 1.080630e-04
1.957271 1.421263e-04
1.957489 1.393132e-04
1.957706 1.046483e-04
1.957923 7.278292e-05
1.958140 5.638623e-05
1.958357 5.209607e-05
1.958575 5.235981e-05
1.958792 9.773690e-05
1.959009 2.584147e-04
1.959226 4.269617e-04
1.959443 4.144877e-04
1.959661 2.408985e-04
1.959878 8.526977e-05
1.960095 4.350761e-05
1.960312 4.246718e-05
1.960529 4.473642e-05
1.960747 5.516860e-05
1.960964 6.663025e-05
1.961181 7.485629e-05
1.961398 1.454701e-04
1.961615 3.051156e-04
1.961833 4.029857e-04
1.962050 3.300384e-04
1.962267 1.704705e-04
1.962484 9.143945e-05
1.962701 9.432636e-05
1.962919 1.058551e-04
1.963136 1.011226e-04
1.963353 8.438606e-05
1.963570 9.743086e-05
1.963787 3.135429e-04
1.964004 7.626729e-04
1.964222 1.007272e-03
1.964439 8.223319e-04
1.964656 3.672665e-04
1.964873 1.122614e-04
1.965090 6.538519e-05
1.965308 5.327788e-05
1.965525 4.288253e-05
1.965742 4.106172e-05
1.965959 3.970964e-05
1.966176 3.803718e-05
1.966394 3.888797e-05
1.966611 4.419659e-05
1.966828 5.327568e-05
1.967045 5.862666e-05
1.967262 9.954791e-05
1.967480 2.538634e-04
1.967697 4.049239e-04
1.967914 4.040949e-04
1.968131 2.318798e-04
1.968348 9.219423e-05
1.968566 5.269832e-05
1.968783 4.820250e-05
1.969000 4.529676e-05
1.969217 5.197088e-05
1.969434 1.031211e-04
1.969652 3.145048e-04
1.969869 8.201042e-04
1.970086 1.282876e-03
1.970303 1.202451e-03
1.970520 6.501466e-04
1.970738 1.901700e-04
1.970955 5.223079e-05
1.971172 4.529600e-05
1.971389 4.396118e-05
1.971606 4.179729e-05
1.971823 3.993157e-05
1.972041 3.855915e-05
1.972258 3.667765e-05
1.972475 3.559524e-05
1.972692 3.589848e-05
1.972909 4.556849e-05
1.973127 1.021507e-04
1.973344 2.189986e-04
1.973561 3.114217e-04
1.973778 2.906333e-04
1.973995 1.859299e-04
1.974213 8.438574e-05
1.974430 4.600758e-05
1.974647 1.293815e-04
1.974864 4.008231e-04
1.975081 6.029191e-04
1.975299 5.487678e-04
1.975516 3.018313e-04
1.975733 1.379017e-04
1.975950 1.125676e-04
1.976167 1.068938e-04
1.976385 7.677587e-05
1.976602 1.377568e-04
1.976819 6.551176e-04
1.977036 1.319488e-03
1.977253 1.489964e-03
1.977471 9.450727e-04
1.977688 3.266988e-04
1.977905 1.102631e-04
1.978122 8.316009e-05
1.978339 5.958169e-05
1.978556 4.158365e-05
1.978774 3.576400e-05
1.978991 3.378779e-05
1.979208 3.383015e-05
1.979425 3.410359e-05
1.979642 3.530296e-05
1.979860 3.594566e-05
1.980077 3.793730e-05
1.980294 4.606457e-05
1.980511 5.643405e-05
1.980728 6.396545e-05
1.980946 6.585210e-05
1.981163 6.067623e-05
1.981380 5.285810e-05
1.981597 4.700583e-05
1.981814 4.353943e-05
1.982032 4.188385e-05
1.982249 4.245114e-05
1.982466 4.504628e-05
1.982683 4.365188e-05
1.982900 3.919749e-05
1.983118 3.583800e-05
1.983335 4.651815e-05
1.983552 1.788563e-04
1.983769 4.124333e-04
1.983986 5.254711e-04
1.984204 3.883442e-04
1.984421 1.530893e-04
1.984638 4.694243e-05
1.984855 3.485132e-05
1.985072 3.561596e-05
1.985290 3.411720e-05
1.985507 3.341296e-05
1.985724 3.263650e-05
1.985941 3.172055e-05
1.986158 3.168199e-05
1.986375 3.229349e-05
1.986593 3.358191e-05
1.986810 3.573500e-05
1.987027 3.744671e-05
1.987244 3.694926e-05
1.987461 3.476134e-05
1.987679 3.283243e-05
1.987896 3.208671e-05
1.988113 3.228677e-05
1.988330 3.300963e-05
1.988547 3.618092e-05
1.988765 6.539339e-05
1.988982 1.221701e-04
1.989199 1.612823e-04
1.989416 1.542594e-04
1.989633 1.130516e-04
1.989851 8.377852e-05
1.990068 7.940981e-05
1.990285 9.159148e-05
1.990502 9.540423e-05
1.990719 7.936845e-05
1.990937 5.576351e-05
1.991154 5.485452e-05
1.991371 6.556854e-05
1.991588 6.352251e-05
1.991805 5.765221e-05
1.992023 8.160486e-05
1.992240 1.399607e-04
1.992457 1.797719e-04
1.992674 1.595545e-04
1.992891 1.033145e-04
1.993109 5.369048e-05
1.993326 3.485117e-05
1.993543 4.845930e-05
1.993760 6.570171e-05
1.993977 4.975101e-05
1.994194 3.524838e-05
1.994412 3.451879e-05
1.994629 3.731447e-05
1.994846 4.547349e-05
1.995063 5.273496e-05
1.995280 5.561931e-05
1.995498 5.811141e-05
1.995715 6.443627e-05
1.995932 6.509062e-05
1.996149 5.325165e-05
1.996366 4.355764e-05
1.996584 4.292656e-05
1.996801 4.741783e-05
1.997018 4.748128e-05
1.997235 4.219197e-05
1.997452 3.813721e-05
1.997670 3.799020e-05
1.997887 3.948882e-05
1.998104 4.011645e-05
1.998321 4.052490e-05
1.998538 4.109478e-05
1.998756 4.160987e-05
1.998973 4.283664e-05
1.999190 4.467416e-05
1.999407 4.728999e-05
1.999624 5.211761e-05
1.999842 6.440499e-05
2.000059 1.185068e-04
2.000276 4.821625e-04
2.000493 1.523867e-03
2.000710 2.522503e-03
2.000928 2.426231e-03
2.001145 1.259244e-03
2.001362 3.377486e-04
2.001579 8.211954e-05
2.001796 6.752775e-05
2.002013 6.590696e-05
2.002231 7.186664e-05
2.002448 7.382283e-05
2.002665 8.691765e-05
2.002882 2.493894e-04
2.003099 5.988722e-04
2.003317 7.733730e-04
2.003534 5.847624e-04
2.003751 2.383015e-04
2.003968 7.265924e-05
2.004185 5.153351e-05
2.004403 5.131790e-05
2.004620 5.002693e-05
2.004837 4.949414e-05
2.005054 4.924154e-05
2.005271 4.948524e-05
2.005489 5.121056e-05
2.005706 5.304438e-05
2.005923 5.863825e-05
2.006140 6.055525e-05
2.006357 5.645731e-05
2.006575 9.232183e-05
2.006792 1.723909e-04
2.007009 2.069321e-04
2.007226 1.624942e-04
2.007443 8.578291e-05
2.007661 4.839263e-05
2.007878 4.499974e-05
2.008095 4.475297e-05
2.008312 4.256722e-05
2.008529 4.198243e-05
2.008747 4.149341e-05
2.008964 4.006718e-05
2.009181 4.771083e-05
2.009398 6.853240e-05
2.009615 9.505527e-05
2.009832 1.176102e-04
2.010050 1.097608e-04
2.010267 7.787444e-05
2.010484 5.550402e-05
2.010701 4.883259e-05
2.010918 5.063828e-05
2.011136 6.408134e-05
2.011353 8.809380e-05
2.011570 1.073342e-04
2.011787 1.040766e-04
2.012004 8.489395e-05
2.012222 7.898561e-05
2.012439 8.820608e-05
2.012656 1.185510e-04
2.012873 3.142955e-04
2.013090 2.245275e-04
2.013308 8.349970e-05
2.013525 6.079322e-05
2.013742 4.812626e-05
2.013959 4.720757e-05
2.014176 4.732430e-05
2.014394 4.748767e-05
2.014611 4.563248e-05
2.014828 4.648479e-05
2.015045 4.781411e-05
2.015262 4.703681e-05
2.015480 4.720854e-05
2.015697 5.050050e-05
2.015914 5.479481e-05
2.016131 6.185002e-05
2.016348 6.725662e-05
2.016566 6.737441e-05
2.016783 6.664791e-05
2.017000 6.792305e-05
2.017217 7.381552e-05
2.017434 7.912390e-05
2.017651 7.991250e-05
2.017869 7.580627e-05
2.018086 6.569280e-05
2.018303 5.715696e-05
2.018520 5.049254e-05
2.018737 7.362118e-05
2.018955 2.270451e-04
2.019172 4.290040e-04
2.019389 4.704818e-04
2.019606 2.986789e-04
2.019823 1.134936e-04
2.020041 5.410755e-05
2.020258 6.015019e-05
2.020475 7.276324e-05
2.020692 7.511493e-05
2.020909 6.224608e-05
2.021127 5.351913e-05
2.021344 6.163740e-05
2.021561 6.971119e-05
2.021778 6.536156e-05
2.021995 5.424371e-05
2.022213 4.746525e-05
2.022430 4.634046e-05
2.022647 4.531572e-05
2.022864 4.603705e-05
2.023081 4.757879e-05
2.023299 4.722056e-05
2.023516 4.698315e-05
2.023733 5.028103e-05
2.023950 5.324526e-05
2.024167 5.186788e-05
2.024385 4.813530e-05
2.024602 4.935302e-05
2.024819 5.356358e-05
2.025036 5.296141e-05
2.025253 4.898184e-05
2.025470 4.577885e-05
2.025688 4.564818e-05
2.025905 4.628838e-05
2.026122 4.692432e-05
2.026339 4.941446e-05
2.026556 5.825376e-05
2.026774 5.533014e-05
2.026991 1.421708e-04
2.027208 8.444427e-04
2.027425 1.885541e-03
2.027642 2.196026e-03
2.027860 1.443143e-03
2.028077 4.515738e-04
2.028294 1.047001e-04
2.028511 8.984973e-05
2.028728 9.074823e-05
2.028946 9.966251e-05
2.029163 1.062321e-04
2.029380 9.895038e-05
2.029597 9.293056e-05
2.029814 9.329402e-05
2.030032 8.621084e-05
2.030249 7.038030e-05
2.030466 6.222688e-05
2.030683 6.442630e-05
2.030900 6.160869e-05
2.031118 5.216527e-05
2.031335 5.489766e-05
2.031552 8.230844e-05
2.031769 1.147388e-04
2.031986 1.205412e-04
2.032203 9.525048e-05
2.032421 6.589376e-05
2.032638 5.076919e-05
2.032855 5.156717e-05
2.033072 5.598605e-05
2.033289 7.317567e-05
2.033507 3.126347e-04
2.033724 8.169716e-04
2.033941 1.139959e-03
2.034158 9.319672e-04
2.034375 4.245790e-04
2.034593 1.623678e-04
2.034810 1.092591e-04
2.035027 8.464563e-05
2.035244 5.889833e-05
2.035461 4.763063e-05
2.035679 4.640295e-05
2.035896 4.649761e-05
2.036113 4.524789e-05
2.036330 4.507126e-05
2.036547 4.646975e-05
2.036765 4.854771e-05
2.036982 5.043056e-05
2.037199 4.982557e-05
2.037416 4.706280e-05
2.037633 4.445554e-05
2.037851 4.376952e-05
2.038068 4.430760e-05
2.038285 4.584740e-05
2.038502 4.689411e-05
2.038719 4.696674e-05
2.038937 4.695449e-05
2.039154 4.819204e-05
2.039371 4.918134e-05
2.039588 5.039992e-05
2.039805 5.381735e-05
2.040022 5.738429e-05
2.040240 6.460001e-05
2.040457 6.027320e-05
2.040674 2.078039e-04
2.040891 1.165483e-03
2.041108 2.657267e-03
2.041326 3.053141e-03
2.041543 1.979802e-03
2.041760 5.598875e-04
2.041977 9.003823e-05
2.042194 6.553911e-05
2.042412 6.032829e-05
2.042629 5.551171e-05
2.042846 5.470925e-05
2.043063 5.389435e-05
2.043280 5.182024e-05
2.043498 4.952964e-05
2.043715 4.827319e-05
2.043932 4.929417e-05
2.044149 5.219958e-05
2.044366 5.432520e-05
2.044584 5.281996e-05
2.044801 4.935408e-05
2.045018 4.786355e-05
2.045235 4.980679e-05
2.045452 5.315652e-05
2.045670 5.822708e-05
2.045887 5.994991e-05
2.046104 5.547287e-05
2.046321 4.968721e-05
2.046538 4.739849e-05
2.046756 4.795143e-05
2.046973 4.926050e-05
2.047190 4.937200e-05
2.047407 4.988367e-05
2.047624 5.122116e-05
2.047841 5.080732e-05
2.048059 5.192971e-05
2.048276 5.980288e-05
2.048493 7.105168e-05
2.048710 7.436088e-05
2.048927 6.773569e-05
2.049145 5.683911e-05
2.049362 9.534965e-05
2.049579 3.398538e-04
2.049796 6.972956e-04
2.050013 7.377074e-04
2.050231 4.579777e-04
2.050448 1.494513e-04
2.050665 6.142818e-05
2.050882 5.890543e-05
2.051099 6.085416e-05
2.051317 7.055729e-05
2.051534 7.890797e-05
2.051751 7.513980e-05
2.051968 7.192696e-05
2.052185 8.667177e-05
2.052403 1.008512e-04
2.052620 9.325607e-05
2.052837 7.516046e-05
2.053054 6.768186e-05
2.053271 7.348252e-05
2.053489 8.013707e-05
2.053706 8.673765e-05
2.053923 1.014143e-04
2.054140 1.148530e-04
2.054357 9.908960e-05
2.054575 7.628524e-05
2.054792 7.179363e-05
2.055009 9.362792e-05
2.055226 1.226490e-04
2.055443 1.282205e-04
2.055660 1.271908e-04
2.055878 4.669119e-04
2.056095 1.447334e-03
2.056312 2.220411e-03
2.056529 1.900202e-03
2.056746 8.495955e-04
2.056964 1.952826e-04
2.057181 9.994322e-05
2.057398 1.389053e-04
2.057615 1.520782e-04
2.057832 1.451034e-04
2.058050 1.367752e-04
2.058267 1.291537e-04
2.058484 1.027738e-04
2.058701 7.207593e-05
2.058918 5.956769e-05
2.059136 5.824465e-05
2.059353 6.023622e-05
2.059570 5.977110e-05
2.059787 5.670553e-05
2.060004 5.443935e-05
2.060222 5.372260e-05
2.060439 5.391368e-05
2.060656 5.450046e-05
2.060873 5.498533e-05
2.061090 5.613649e-05
2.061308 5.603084e-05
2.061525 5.523170e-05
2.061742 5.563313e-05
2.061959 5.573647e-05
2.062176 5.564932e-05
2.062394 5.664501e-05
2.062611 5.829287e-05
2.062828 5.891292e-05
2.063045 5.690924e-05
2.063262 5.670834e-05
2.063479 5.896282e-05
2.063697 6.021555e-05
2.063914 5.981033e-05
2.064131 5.963463e-05
2.064348 6.183353e-05
2.064565 6.805637e-05
2.064783 8.002906e-05
2.065000 8.734389e-05
2.065217 8.691537e-05
2.065434 7.904490e-05
2.065651 7.274563e-05
2.065869 6.933703e-05
2.066086 7.226724e-05
2.066303 7.802162e-05
2.066520 7.616587e-05
2.066737 7.141244e-05
2.066955 7.948534e-05
2.067172 9.388024e-05
2.067389 9.339850e-05
2.067606 7.823221e-05
2.067823 6.543008e-05
2.068041 6.161777e-05
2.068258 6.090742e-05
2.068475 6.041850e-05
2.068692 6.174910e-05
2.068909 6.134521e-05
2.069127 6.031105e-05
2.069344 6.035939e-05
2.069561 6.412467e-05
2.069778 7.068236e-05
2.069995 6.688994e-05
2.070213 6.121762e-05
2.070430 6.076424e-05
2.070647 6.074056e-05
2.070864 6.146670e-05
2.071081 6.181991e-05
2.071298 6.224380e-05
2.071516 6.435984e-05
2.071733 6.755803e-05
2.071950 7.032381e-05
2.072167 7.801374e-05
2.072384 2.810241e-04
2.072602 9.229722e-04
2.072819 1.523827e-03
2.073036 1.436751e-03
2.073253 7.602056e-04
2.073470 2.215140e-04
2.073688 9.523426e-05
2.073905 1.089393e-04
2.074122 1.081227e-04
2.074339 8.582892e-05
2.074556 6.778903e-05
2.074774 6.385938e-05
2.074991 6.444421e-05
2.075208 6.332911e-05
2.075425 6.125533e-05
2.075642 6.251953e-05
2.075860 6.284284e-05
2.076077 6.243495e-05
2.076294 6.096100e-05
2.076511 6.096580e-05
2.076728 6.072901e-05
2.076946 5.965677e-05
2.077163 5.974460e-05
2.077380 6.032270e-05
2.077597 6.091570e-05
2.077814 6.072738e-05
2.078032 6.044856e-05
2.078249 6.079760e-05
2.078466 6.049436e-05
2.078683 6.066479e-05
2.078900 6.166250e-05
2.079117 6.306714e-05
2.079335 6.307509e-05
2.079552 6.188728e-05
2.079769 6.340505e-05
2.079986 7.779401e-05
2.080203 1.048458e-04
2.080421 1.265383e-04
2.080638 1.282995e-04
2.080855 1.054167e-04
2.081072 8.590837e-05
2.081289 9.053126e-05
2.081507 1.028517e-04
2.081724 9.814040e-05
2.081941 8.538091e-05
2.082158 9.826253e-05
2.082375 1.218510e-04
2.082593 1.296113e-04
2.082810 1.277450e-04
2.083027 1.195117e-04
2.083244 1.031753e-04
2.083461 7.834292e-05
2.083679 6.503619e-05
2.083896 6.342579e-05
2.084113 6.334320e-05
2.084330 6.347678e-05
2.084547 6.444023e-05
2.084765 6.645380e-05
2.084982 7.356444e-05
2.085199 8.241004e-05
2.085416 1.013995e-04
2.085633 2.244571e-04
2.085850 4.449539e-04
2.086068 5.189188e-04
2.086285 3.909423e-04
2.086502 1.905189e-04
2.086719 1.018294e-04
2.086936 1.016987e-04
2.087154 1.186201e-04
2.087371 1.310370e-04
2.087588 1.242596e-04
2.087805 9.840152e-05
2.088022 8.003401e-05
2.088240 8.846368e-05
2.088457 9.772978e-05
2.088674 9.112339e-05
2.088891 7.453810e-05
2.089108 6.574769e-05
2.089326 6.778595e-05
2.089543 7.059068e-05
2.089760 6.938950e-05
2.089977 6.828896e-05
2.090194 7.593257e-05
2.090412 1.733915e-04
2.090629 4.730881e-04
2.090846 7.945208e-04
2.091063 8.042560e-04
2.091280 4.984179e-04
2.091498 1.982817e-04
2.091715 1.062429e-04
2.091932 1.007466e-04
2.092149 8.751179e-05
2.092366 7.345489e-05
2.092584 6.884366e-05
2.092801 6.756132e-05
2.093018 6.706476e-05
2.093235 6.769144e-05
2.093452 7.010261e-05
2.093669 7.385419e-05
2.093887 7.605346e-05
2.094104 7.342571e-05
2.094321 6.882258e-05
2.094538 6.837955e-05
2.094755 7.044231e-05
2.094973 7.080251e-05
2.095190 6.943884e-05
2.095407 6.902823e-05
2.095624 6.960033e-05
2.095841 6.961728e-05
2.096059 6.870047e-05
2.096276 6.855214e-05
2.096493 6.836744e-05
2.096710 6.835280e-05
2.096927 6.850343e-05
2.097145 6.810777e-05
2.097362 6.875933e-05
2.097579 6.867004e-05
2.097796 6.784567e-05
2.098013 6.878661e-05
2.098231 6.841989e-05
2.098448 6.933717e-05
2.098665 7.040622e-05
2.098882 6.955522e-05
2.099099 6.845780e-05
2.099317 6.804905e-05
2.099534 6.788871e-05
2.099751 6.804070e-05
2.099968 6.983764e-05
2.100185 7.817369e-05
2.100403 9.027973e-05
2.100620 9.455119e-05
2.100837 9.919239e-05
2.101054 1.194966e-04
2.101271 1.356287e-04
2.101488 1.294583e-04
2.101706 1.206811e-04
2.101923 1.230437e-04
2.102140 1.172343e-04
2.102357 1.266867e-04
2.102574 1.333323e-04
2.102792 1.307569e-04
2.103009 1.522245e-04
2.103226 1.903230e-04
2.103443 1.838929e-04
2.103660 1.355011e-04
2.103878 9.832247e-05
2.104095 9.434261e-05
2.104312 9.638897e-05
2.104529 9.019309e-05
2.104746 8.631964e-05
2.104964 9.933347e-05
2.105181 1.267066e-04
2.105398 1.329968e-04
2.105615 1.235975e-04
2.105832 1.747802e-04
2.106050 2.827769e-04
2.106267 3.371569e-04
2.106484 3.523170e-04
2.106701 3.613074e-04
2.106918 3.361006e-04
2.107136 2.468443e-04
2.107353 1.588457e-04
2.107570 1.267785e-04
2.107787 1.092467e-04
2.108004 8.845916e-05
2.108222 7.815700e-05
2.108439 7.979165e-05
2.108656 1.011564e-04
2.108873 1.293985e-04
2.109090 1.451774e-04
2.109307 1.815647e-04
2.109525 2.387172e-04
2.109742 2.416889e-04
2.109959 2.104482e-04
2.110176 2.521661e-04
2.110393 3.751915e-04
2.110611 4.286879e-04
2.110828 3.237485e-04
2.111045 2.193054e-04
2.111262 3.135771e-04
2.111479 5.165423e-04
2.111697 5.194264e-04
2.111914 3.107350e-04
2.112131 1.213935e-04
2.112348 7.865895e-05
2.112565 8.303420e-05
2.112783 8.351280e-05
2.113000 8.208928e-05
2.113217 7.980314e-05
2.113434 7.786773e-05
2.113651 7.802609e-05
2.113869 7.858571e-05
2.114086 7.782837e-05
2.114303 7.689139e-05
2.114520 7.674817e-05
2.114737 7.751230e-05
2.114955 8.011565e-05
2.115172 1.297074e-04
2.115389 2.369794e-04
2.115606 3.016103e-04
2.115823 2.503233e-04
2.116041 1.384517e-04
2.116258 8.381585e-05
2.116475 8.168989e-05
2.116692 8.345697e-05
2.116909 7.979293e-05
2.117126 1.521617e-04
2.117344 4.547540e-04
2.117561 7.840114e-04
2.117778 7.590339e-04
2.117995 4.388742e-04
2.118212 1.774411e-04
2.118430 1.173573e-04
2.118647 1.109761e-04
2.118864 1.087534e-04
2.119081 1.263549e-04
2.119298 1.434572e-04
2.119516 1.355992e-04
2.119733 1.114167e-04
2.119950 9.324914e-05
2.120167 9.887654e-05
2.120384 1.136377e-04
2.120602 1.163280e-04
2.120819 1.082145e-04
2.121036 1.068287e-04
2.121253 1.123066e-04
2.121470 1.169455e-04
2.121688 1.225469e-04
2.121905 1.181089e-04
2.122122 1.048838e-04
2.122339 9.302398e-05
2.122556 8.719443e-05
2.122774 1.489665e-04
2.122991 2.986064e-04
2.123208 4.076719e-04
2.123425 3.481535e-04
2.123642 1.874458e-04
2.123860 9.928023e-05
2.124077 9.020384e-05
2.124294 9.308494e-05
2.124511 2.580443e-04
2.124728 6.290095e-04
2.124945 8.535470e-04
2.125163 6.620093e-04
2.125380 2.847193e-04
2.125597 1.047829e-04
2.125814 8.786243e-05
2.126031 8.802146e-05
2.126249 8.593436e-05
2.126466 8.595967e-05
2.126683 8.573555e-05
2.126900 8.516222e-05
2.127117 8.522954e-05
2.127335 9.700276e-05
2.127552 1.444520e-04
2.127769 2.045441e-04
2.127986 2.152940e-04
2.128203 1.633546e-04
2.128421 1.068731e-04
2.128638 8.762881e-05
2.128855 9.168216e-05
2.129072 9.944701e-05
2.129289 1.004086e-04
2.129507 9.339251e-05
2.129724 8.734851e-05
2.129941 8.581836e-05
2.130158 8.572061e-05
2.130375 8.617854e-05
2.130593 8.826088e-05
2.130810 8.898583e-05
2.131027 9.161590e-05
2.131244 1.343247e-04
2.131461 2.061626e-04
2.131679 2.672527e-04
2.131896 2.646175e-04
2.132113 2.450216e-04
2.132330 3.096501e-04
2.132547 3.788661e-04
2.132764 3.281159e-04
2.132982 1.881183e-04
2.133199 1.013913e-04
2.133416 8.992739e-05
2.133633 8.997992e-05
2.133850 8.910698e-05
2.134068 8.934117e-05
2.134285 9.016602e-05
2.134502 9.153910e-05
2.134719 9.128951e-05
2.134936 9.363671e-05
2.135154 1.092272e-04
2.135371 1.279588e-04
2.135588 1.370545e-04
2.135805 1.360875e-04
2.136022 1.273404e-04
2.136240 1.101073e-04
2.136457 9.590904e-05
2.136674 9.424364e-05
2.136891 1.106289e-04
2.137108 1.326385e-04
2.137326 1.403422e-04
2.137543 1.291797e-04
2.137760 1.242268e-04
2.137977 1.296165e-04
2.138194 1.235961e-04
2.138412 1.054684e-04
2.138629 9.374935e-05
2.138846 9.311429e-05
2.139063 9.359193e-05
2.139280 9.316159e-05
2.139497 9.246422e-05
2.139715 9.972432e-05
2.139932 9.952955e-05
2.140149 9.262877e-05
2.140366 9.092961e-05
2.140583 9.271628e-05
2.140801 9.307989e-05
2.141018 9.383753e-05
2.141235 9.515257e-05
2.141452 9.767490e-05
2.141669 1.034256e-04
2.141887 1.089479e-04
2.142104 1.109473e-04
2.142321 1.093553e-04
2.142538 1.042457e-04
2.142755 9.943389e-05
2.142973 9.966320e-05
2.143190 1.013845e-04
2.143407 9.921902e-05
2.143624 9.933327e-05
2.143841 1.037660e-04
2.144059 1.053625e-04
2.144276 1.009733e-04
2.144493 9.580949e-05
2.144710 9.683290e-05
2.144927 9.652082e-05
2.145145 9.481717e-05
2.145362 9.498061e-05
2.145579 9.545270e-05
2.145796 9.569486e-05
2.146013 9.635528e-05
2.146231 9.711227e-05
2.146448 9.737093e-05
2.146665 9.771322e-05
2.146882 9.754234e-05
2.147099 9.687013e-05
2.147316 9.744336e-05
2.147534 9.730283e-05
2.147751 9.810447e-05
2.147968 9.895584e-05
2.148185 9.911293e-05
2.148402 1.001826e-04
2.148620 1.013370e-04
2.148837 1.022744e-04
2.149054 1.021797e-04
2.149271 1.031702e-04
2.149488 1.082112e-04
2.149706 1.146678e-04
2.149923 1.205689e-04
2.150140 2.633506e-04
2.150357 1.005719e-03
2.150574 1.931564e-03
2.150792 2.129381e-03
2.151009 1.325070e-03
2.151226 4.772574e-04
2.151443 1.857950e-04
2.151660 1.403711e-04
2.151878 1.310792e-04
2.152095 1.387664e-04
2.152312 1.435565e-04
2.152529 1.541347e-04
2.152746 1.816646e-04
2.152964 2.058633e-04
2.153181 2.409823e-04
2.153398 4.910435e-04
2.153615 8.006246e-04
2.153832 8.386261e-04
2.154050 5.541736e-04
2.154267 2.888997e-04
2.154484 2.356110e-04
2.154701 2.337080e-04
2.154918 1.999936e-04
2.155135 1.556781e-04
2.155353 1.204555e-04
2.155570 1.076517e-04
2.155787 1.072908e-04
2.156004 1.069545e-04
2.156221 1.090867e-04
2.156439 1.204504e-04
2.156656 1.300435e-04
2.156873 1.327952e-04
2.157090 1.398120e-04
2.157307 1.320499e-04
2.157525 1.417516e-04
2.157742 2.477242e-04
2.157959 3.628413e-04
2.158176 3.568962e-04
2.158393 2.484190e-04
2.158611 1.558821e-04
2.158828 1.275464e-04
2.159045 1.249432e-04
2.159262 1.252938e-04
2.159479 1.289564e-04
2.159697 1.346093e-04
2.159914 1.299045e-04
2.160131 1.205211e-04
2.160348 1.126740e-04
2.160565 1.110117e-04
2.160783 1.157143e-04
2.161000 1.231492e-04
2.161217 1.352389e-04
2.161434 1.273496e-04
2.161651 1.089542e-04
2.161869 1.121369e-04
2.162086 1.182596e-04
2.162303 1.200708e-04
2.162520 1.160272e-04
2.162737 1.095547e-04
2.162954 1.209124e-04
2.163172 1.992841e-04
2.163389 2.009431e-04
2.163606 1.850137e-04
2.163823 1.905581e-04
2.164040 1.731376e-04
2.164258 1.396370e-04
2.164475 1.144726e-04
2.164692 1.113175e-04
2.164909 1.114897e-04
2.165126 1.123468e-04
2.165344 1.200951e-04
2.165561 1.333303e-04
2.165778 1.386913e-04
2.165995 1.373858e-04
2.166212 1.344850e-04
2.166430 1.302565e-04
2.166647 1.212895e-04
2.166864 1.170460e-04
2.167081 1.280201e-04
2.167298 1.417365e-04
2.167516 1.424163e-04
2.167733 1.306106e-04
2.167950 1.287547e-04
2.168167 1.376053e-04
2.168384 1.382081e-04
2.168602 1.278945e-04
2.168819 1.208284e-04
2.169036 1.201417e-04
2.169253 1.191682e-04
2.169470 1.163905e-04
2.169688 1.152483e-04
2.169905 1.174170e-04
2.170122 1.249334e-04
2.170339 1.333339e-04
2.170556 1.721455e-04
2.170773 3.355921e-04
2.170991 5.414116e-04
2.171208 5.581112e-04
2.171425 3.584530e-04
2.171642 1.691340e-04
2.171859 1.175103e-04
2.172077 1.199097e-04
2.172294 1.181723e-04
2.172511 1.182301e-04
2.172728 1.188134e-04
2.172945 1.190188e-04
2.173163 1.200098e-04
2.173380 1.198032e-04
2.173597 1.204735e-04
2.173814 1.209755e-04
2.174031 1.205500e-04
2.174249 1.218419e-04
2.174466 1.219973e-04
2.174683 1.207578e-04
2.174900 1.211365e-04
2.175117 1.209982e-04
2.175335 1.202874e-04
2.175552 1.278021e-04
2.175769 1.522581e-04
2.175986 1.813611e-04
2.176203 1.925869e-04
2.176421 1.739317e-04
2.176638 1.427270e-04
2.176855 1.251760e-04
2.177072 1.231444e-04
2.177289 1.251240e-04
2.177507 1.259377e-04
2.177724 1.261696e-04
2.177941 1.254795e-04
2.178158 1.254020e-04
2.178375 1.280597e-04
2.178592 1.414715e-04
2.178810 1.719578e-04
2.179027 2.021847e-04
2.179244 2.182213e-04
2.179461 2.070823e-04
2.179678 3.143755e-04
2.179896 8.589789e-04
2.180113 1.550070e-03
2.180330 1.572819e-03
2.180547 8.943440e-04
2.180764 2.896817e-04
2.180982 1.361021e-04
2.181199 1.421129e-04
2.181416 1.366884e-04
2.181633 1.334515e-04
2.181850 1.322017e-04
2.182068 1.318828e-04
2.182285 1.320409e-04
2.182502 1.340858e-04
2.182719 1.341839e-04
2.182936 1.328566e-04
2.183154 1.334139e-04
2.183371 1.353108e-04
2.183588 1.379388e-04
2.183805 1.386033e-04
2.184022 1.385933e-04
2.184240 1.396026e-04
2.184457 1.415039e-04
2.184674 1.424881e-04
2.184891 1.417845e-04
2.185108 1.399076e-04
2.185326 1.374122e-04
2.185543 1.361470e-04
2.185760 1.370809e-04
2.185977 1.400732e-04
2.186194 1.426606e-04
2.186411 1.428375e-04
2.186629 1.356186e-04
2.186846 2.252838e-04
2.187063 5.240139e-04
2.187280 7.998811e-04
2.187497 7.302790e-04
2.187715 4.057240e-04
2.187932 1.861324e-04
2.188149 1.530655e-04
2.188366 1.571383e-04
2.188583 1.494037e-04
2.188801 1.501949e-04
2.189018 1.638512e-04
2.189235 1.728782e-04
2.189452 1.632550e-04
2.189669 1.465180e-04
2.189887 1.401525e-04
2.190104 1.431056e-04
2.190321 1.495222e-04
2.190538 1.517846e-04
2.190755 1.464209e-04
2.190973 1.396872e-04
2.191190 1.371391e-04
2.191407 1.378754e-04
2.191624 1.387750e-04
2.191841 1.387857e-04
2.192059 1.382591e-04
2.192276 1.374608e-04
2.192493 1.401829e-04
2.192710 1.455533e-04
2.192927 1.463012e-04
2.193144 1.421111e-04
2.193362 1.414373e-04
2.193579 1.429896e-04
2.193796 1.440199e-04
2.194013 1.458869e-04
2.194230 1.472641e-04
2.194448 1.529226e-04
2.194665 1.606730e-04
2.194882 1.653688e-04
2.195099 5.361615e-04
2.195316 1.419631e-03
2.195534 2.055948e-03
2.195751 1.687348e-03
2.195968 7.519891e-04
2.196185 2.217967e-04
2.196402 1.532417e-04
2.196620 1.587574e-04
2.196837 1.523438e-04
2.197054 1.491872e-04
2.197271 1.495648e-04
2.197488 1.538030e-04
2.197706 1.660182e-04
2.197923 1.779929e-04
2.198140 1.775337e-04
2.198357 1.730120e-04
2.198574 1.765210e-04
2.198792 1.799124e-04
2.199009 1.780553e-04
2.199226 1.831262e-04
2.199443 1.951825e-04
2.199660 1.981081e-04
2.199878 1.847424e-04
2.200095 1.784761e-04
2.200312 1.828317e-04
2.200529 1.782763e-04
2.200746 1.684022e-04
2.200963 1.670836e-04
2.201181 1.700758e-04
2.201398 1.671832e-04
2.201615 1.613354e-04
2.201832 1.576997e-04
2.202049 1.570978e-04
2.202267 1.660018e-04
2.202484 1.833659e-04
2.202701 2.026046e-04
2.202918 2.098773e-04
2.203135 1.952460e-04
2.203353 1.756428e-04
2.203570 1.674531e-04
2.203787 1.682038e-04
2.204004 1.676470e-04
2.204221 1.653631e-04
2.204439 1.632100e-04
2.204656 1.898885e-04
2.204873 4.234232e-04
2.205090 7.466139e-04
2.205307 8.474016e-04
2.205525 5.935577e-04
2.205742 2.981602e-04
2.205959 2.144255e-04
2.206176 2.098072e-04
2.206393 1.926077e-04
2.206611 1.776431e-04
2.206828 1.732496e-04
2.207045 1.676825e-04
2.207262 1.629536e-04
2.207479 1.629629e-04
2.207697 1.617188e-04
2.207914 1.602938e-04
2.208131 1.602638e-04
2.208348 1.603272e-04
2.208565 1.603837e-04
2.208782 1.595294e-04
2.209000 1.595113e-04
2.209217 1.602722e-04
2.209434 1.605251e-04
2.209651 1.605404e-04
2.209868 1.603359e-04
2.210086 1.615936e-04
2.210303 1.633623e-04
2.210520 1.654261e-04
2.210737 1.691639e-04
2.210954 1.699080e-04
2.211172 1.690355e-04
2.211389 1.720668e-04
2.211606 1.758505e-04
2.211823 1.802465e-04
2.212040 3.800187e-04
2.212258 1.070725e-03
2.212475 1.684735e-03
2.212692 1.552984e-03
2.212909 8.373720e-04
2.213126 2.914908e-04
2.213344 1.778299e-04
2.213561 1.789091e-04
2.213778 1.743150e-04
2.213995 1.699750e-04
2.214212 1.697710e-04
2.214430 1.716448e-04
2.214647 1.728060e-04
2.214864 1.737091e-04
2.215081 1.729082e-04
2.215298 1.725938e-04
2.215516 1.727972e-04
2.215733 1.721562e-04
2.215950 1.738222e-04
2.216167 1.750776e-04
2.216384 1.735853e-04
2.216601 1.738576e-04
2.216819 1.762465e-04
2.217036 1.747338e-04
2.217253 1.717219e-04
2.217470 1.725368e-04
2.217687 1.735915e-04
2.217905 1.742200e-04
2.218122 1.757999e-04
2.218339 1.777272e-04
2.218556 1.766136e-04
2.218773 1.751018e-04
2.218991 1.763410e-04
2.219208 1.766539e-04
2.219425 1.765363e-04
2.219642 1.767545e-04
2.219859 1.767029e-04
2.220077 1.776593e-04
2.220294 1.785069e-04
2.220511 1.764949e-04
2.220728 1.750187e-04
2.220945 1.747026e-04
2.221163 1.763066e-04
2.221380 1.794960e-04
2.221597 1.815032e-04
2.221814 1.853085e-04
2.222031 1.845934e-04
2.222249 1.819298e-04
2.222466 1.827760e-04
2.222683 1.849930e-04
2.222900 1.856103e-04
2.223117 1.849580e-04
2.223335 1.832008e-04
2.223552 1.817632e-04
2.223769 1.855809e-04
2.223986 1.837922e-04
2.224203 2.081118e-04
2.224420 3.667619e-04
2.224638 5.833467e-04
2.224855 6.250388e-04
2.225072 4.443375e-04
2.225289 2.469854e-04
2.225506 1.853512e-04
2.225724 1.868394e-04
2.225941 1.872167e-04
2.226158 1.920783e-04
2.226375 1.990139e-04
2.226592 2.003930e-04
2.226810 1.971299e-04
2.227027 1.978971e-04
2.227244 2.063624e-04
2.227461 2.121517e-04
2.227678 2.056926e-04
2.227896 1.943643e-04
2.228113 1.894186e-04
2.228330 1.919411e-04
2.228547 1.966251e-04
2.228764 2.030094e-04
2.228982 2.040092e-04
2.229199 1.987594e-04
2.229416 1.931138e-04
2.229633 1.913102e-04
2.229850 1.928729e-04
2.230068 1.954520e-04
2.230285 1.981459e-04
2.230502 1.985639e-04
2.230719 3.018708e-04
2.230936 6.735207e-04
2.231154 1.110699e-03
2.231371 1.158778e-03
2.231588 7.725048e-04
2.231805 3.689081e-04
2.232022 2.300672e-04
2.232239 2.262551e-04
2.232457 2.196052e-04
2.232674 2.131359e-04
2.232891 2.116591e-04
2.233108 2.124707e-04
2.233325 2.198356e-04
2.233543 2.457177e-04
2.233760 2.675470e-04
2.233977 2.618043e-04
2.234194 2.521137e-04
2.234411 2.639312e-04
2.234629 2.713678e-04
2.234846 2.475155e-04
2.235063 2.172742e-04
2.235280 2.028422e-04
2.235497 1.985728e-04
2.235715 1.975712e-04
2.235932 1.994228e-04
2.236149 2.013055e-04
2.236366 2.010284e-04
2.236583 1.999172e-04
2.236801 1.995046e-04
2.237018 2.019191e-04
2.237235 2.044772e-04
2.237452 2.058497e-04
2.237669 2.060542e-04
2.237887 2.049168e-04
2.238104 2.029180e-04
2.238321 2.109907e-04
2.238538 2.277994e-04
2.238755 2.176243e-04
2.238973 2.035959e-04
2.239190 2.037001e-04
2.239407 2.030755e-04
2.239624 2.027345e-04
2.239841 2.045769e-04
2.240058 2.069965e-04
2.240276 2.092692e-04
2.240493 2.091519e-04
2.240710 2.071312e-04
2.240927 2.082300e-04
2.241144 2.143571e-04
2.241362 2.219863e-04
2.241579 2.242549e-04
2.241796 2.215652e-04
2.242013 2.199366e-04
2.242230 2.213535e-04
2.242448 2.235065e-04
2.242665 2.301205e-04
2.242882 2.394292e-04
2.243099 2.374998e-04
2.243316 2.242455e-04
2.243534 2.165493e-04
2.243751 2.208765e-04
2.243968 2.270777e-04
2.244185 2.260839e-04
2.244402 2.177710e-04
2.244620 2.133771e-04
2.244837 2.125259e-04
2.245054 2.138366e-04
2.245271 2.135627e-04
2.245488 2.384354e-04
2.245706 3.382194e-04
2.245923 4.557536e-04
2.246140 4.612209e-04
2.246357 3.457634e-04
2.246574 2.434396e-04
2.246791 2.203557e-04
2.247009 2.226971e-04
2.247226 2.213709e-04
2.247443 2.211693e-04
2.247660 2.205162e-04
2.247877 2.177422e-04
2.248095 2.155588e-04
2.248312 2.162349e-04
2.248529 2.191506e-04
2.248746 2.203146e-04
2.248963 2.191727e-04
2.249181 2.195233e-04
2.249398 2.200937e-04
2.249615 2.211630e-04
2.249832 2.225437e-04
2.250049 2.232580e-04
2.250267 2.240969e-04
2.250484 2.242800e-04
2.250701 2.251230e-04
2.250918 2.270230e-04
2.251135 2.515508e-04
2.251353 3.776685e-04
2.251570 6.100719e-04
2.251787 7.425680e-04
2.252004 6.310402e-04
2.252221 4.068737e-04
2.252439 2.608787e-04
2.252656 2.300838e-04
2.252873 2.303068e-04
2.253090 2.289940e-04
2.253307 2.327515e-04
2.253525 2.143804e-04
2.253742 3.245633e-04
2.253959 4.047000e-04
2.254176 2.789941e-04
2.254393 2.344325e-04
2.254610 2.481161e-04
2.254828 2.360614e-04
2.255045 2.307088e-04
2.255262 2.322775e-04
2.255479 2.340985e-04
2.255696 2.348461e-04
2.255914 2.354171e-04
2.256131 2.331431e-04
2.256348 2.332233e-04
2.256565 2.533393e-04
2.256782 2.837269e-04
2.257000 2.536290e-04
2.257217 2.354988e-04
2.257434 2.344314e-04
2.257651 2.355245e-04
2.257868 2.367922e-04
2.258086 2.357653e-04
2.258303 2.361779e-04
2.258520 2.367868e-04
2.258737 2.362819e-04
2.258954 2.366792e-04
2.259172 2.367673e-04
2.259389 2.385767e-04
2.259606 2.403968e-04
2.259823 2.394754e-04
2.260040 2.388981e-04
2.260258 2.404755e-04
2.260475 2.408868e-04
2.260692 2.408508e-04
2.260909 2.432617e-04
2.261126 2.457867e-04
2.261344 2.514911e-04
2.261561 2.643700e-04
2.261778 2.779400e-04
2.261995 2.834603e-04
2.262212 2.816764e-04
2.262429 2.726172e-04
2.262647 2.596793e-04
2.262864 2.478874e-04
2.263081 2.435957e-04
2.263298 2.451949e-04
2.263515 2.504188e-04
2.263733 2.579276e-04
2.263950 2.691866e-04
2.264167 2.812700e-04
2.264384 2.819132e-04
2.264601 2.783967e-04
2.264819 2.819895e-04
2.265036 2.814040e-04
2.265253 2.692925e-04
2.265470 2.542832e-04
2.265687 2.489069e-04
2.265905 2.482468e-04
2.266122 2.505280e-04
2.266339 2.503303e-04
2.266556 2.492367e-04
2.266773 2.547125e-04
2.266991 2.605203e-04
2.267208 2.627421e-04
2.267425 2.586517e-04
2.267642 2.587049e-04
2.267859 2.679865e-04
2.268077 2.760702e-04
2.268294 2.808527e-04
2.268511 2.982473e-04
2.268728 3.515856e-04
2.268945 4.037634e-04
2.269163 3.922259e-04
2.269380 3.371622e-04
2.269597 2.943729e-04
2.269814 2.840537e-04
2.270031 2.877834e-04
2.270248 2.887786e-04
2.270466 2.790692e-04
2.270683 2.677426e-04
2.270900 2.636220e-04
2.271117 2.694837e-04
2.271334 2.807434e-04
2.271552 2.819845e-04
2.271769 2.739680e-04
2.271986 2.683175e-04
2.272203 2.672132e-04
2.272420 2.692974e-04
2.272638 2.704554e-04
2.272855 2.678211e-04
2.273072 2.642530e-04
2.273289 2.644698e-04
2.273506 2.795357e-04
2.273724 3.395122e-04
2.273941 4.342034e-04
2.274158 4.967210e-04
2.274375 4.731494e-04
2.274592 3.791590e-04
2.274810 2.980257e-04
2.275027 2.744232e-04
2.275244 2.767103e-04
2.275461 2.848406e-04
2.275678 2.901265e-04
2.275896 2.852725e-04
2.276113 2.786537e-04
2.276330 2.782672e-04
2.276547 2.782581e-04
2.276764 2.766914e-04
2.276982 2.781115e-04
2.277199 2.805304e-04
2.277416 2.802335e-04
2.277633 2.758234e-04
2.277850 2.729022e-04
2.278067 2.740798e-04
2.278285 2.763858e-04
2.278502 2.778851e-04
2.278719 2.761681e-04
2.278936 2.747871e-04
2.279153 2.743783e-04
2.279371 2.761521e-04
2.279588 2.772147e-04
2.279805 2.762508e-04
2.280022 2.774671e-04
2.280239 2.820810e-04
2.280457 2.866533e-04
2.280674 2.905756e-04
2.280891 2.893711e-04
2.281108 2.851218e-04
2.281325 2.872387e-04
2.281543 2.888443e-04
2.281760 2.841102e-04
2.281977 2.810609e-04
2.282194 2.828023e-04
2.282411 2.867331e-04
2.282629 2.917246e-04
2.282846 2.984687e-04
2.283063 2.966616e-04
2.283280 2.879465e-04
2.283497 2.859313e-04
2.283715 2.904058e-04
2.283932 2.936198e-04
2.284149 2.934278e-04
2.284366 2.904612e-04
2.284583 2.855703e-04
2.284801 2.840195e-04
2.285018 2.894104e-04
2.285235 2.963339e-04
2.285452 2.979459e-04
2.285669 2.949414e-04
2.285886 2.931507e-04
2.286104 2.925777e-04
2.286321 2.929215e-04
2.286538 2.965835e-04
2.286755 2.992191e-04
2.286972 2.999561e-04
2.287190 2.983380e-04
2.287407 2.997466e-04
2.287624 3.017746e-04
2.287841 2.997482e-04
2.288058 2.999194e-04
2.288276 3.024323e-04
2.288493 2.995614e-04
2.288710 2.970385e-04
2.288927 2.993815e-04
2.289144 3.055211e-04
2.289362 3.123157e-04
2.289579 3.156359e-04
2.289796 3.171523e-04
2.290013 3.169486e-04
2.290230 3.112510e-04
2.290448 3.044148e-04
2.290665 3.023958e-04
2.290882 3.033597e-04
2.291099 3.043050e-04
2.291316 3.076070e-04
2.291534 3.083090e-04
2.291751 3.077635e-04
2.291968 3.100052e-04
2.292185 3.141629e-04
2.292402 3.154790e-04
2.292620 3.128638e-04
2.292837 3.098199e-04
2.293054 3.087756e-04
2.293271 3.120617e-04
2.293488 3.294166e-04
2.293705 3.661556e-04
2.293923 3.892946e-04
2.294140 3.751220e-04
2.294357 3.478455e-04
2.294574 3.382861e-04
2.294791 3.406384e-04
2.295009 3.429563e-04
2.295226 3.447177e-04
2.295443 3.411522e-04
2.295660 3.346353e-04
2.295877 3.281524e-04
2.296095 3.243402e-04
2.296312 3.277503e-04
2.296529 3.377949e-04
2.296746 3.429507e-04
2.296963 3.357174e-04
2.297181 3.282016e-04
2.297398 3.322688e-04
2.297615 3.374462e-04
2.297832 3.412302e-04
2.298049 3.625959e-04
2.298267 3.962091e-04
2.298484 4.221648e-04
2.298701 4.427361e-04
2.298918 4.302240e-04
2.299135 3.692911e-04
2.299353 3.330424e-04
2.299570 3.301067e-04
2.299787 3.281600e-04
2.300004 3.350252e-04
2.300221 3.449929e-04
2.300438 3.403756e-04
2.300656 3.336320e-04
2.300873 3.306089e-04
2.301090 3.283985e-04
2.301307 3.267772e-04
2.301524 3.262555e-04
2.301742 3.278178e-04
2.301959 3.280392e-04
2.302176 3.278649e-04
2.302393 3.310147e-04
2.302610 3.331981e-04
2.302828 3.321587e-04
2.303045 3.303986e-04
2.303262 3.336152e-04
2.303479 3.399400e-04
2.303696 3.392122e-04
2.303914 3.348476e-04
2.304131 3.383217e-04
2.304348 3.445084e-04
2.304565 3.436738e-04
2.304782 3.405944e-04
2.305000 3.373251e-04
2.305217 3.368952e-04
2.305434 3.416568e-04
2.305651 3.415475e-04
2.305868 3.371137e-04
2.306086 3.374688e-04
2.306303 3.395882e-04
2.306520 3.388741e-04
2.306737 3.381577e-04
2.306954 3.380210e-04
2.307172 3.416136e-04
2.307389 3.518054e-04
2.307606 3.592758e-04
2.307823 3.580187e-04
2.308040 3.493952e-04
2.308257 3.458274e-04
2.308475 3.507287e-04
2.308692 3.563115e-04
2.308909 3.623280e-04
2.309126 3.631173e-04
2.309343 3.574596e-04
2.309561 3.507032e-04
2.309778 3.484507e-04
2.309995 3.534035e-04
2.310212 3.648222e-04
2.310429 3.703933e-04
2.310647 3.605099e-04
2.310864 3.514546e-04
2.311081 3.544092e-04
2.311298 3.594240e-04
2.311515 3.610676e-04
2.311733 3.601952e-04
2.311950 3.564608e-04
2.312167 3.539318e-04
2.312384 3.567762e-04
2.312601 3.557280e-04
2.312819 3.550477e-04
2.313036 3.593195e-04
2.313253 3.601145e-04
2.313470 3.562745e-04
2.313687 3.552347e-04
2.313905 3.553803e-04
2.314122 3.573932e-04
2.314339 3.600277e-04
2.314556 3.609399e-04
2.314773 3.615174e-04
2.314991 3.611010e-04
2.315208 3.604749e-04
2.315425 3.602218e-04
2.315642 3.657789e-04
2.315859 3.729158e-04
2.316076 3.776398e-04
2.316294 3.849041e-04
2.316511 3.938419e-04
2.316728 4.061611e-04
2.316945 4.156882e-04
2.317162 4.119725e-04
2.317380 4.042675e-04
2.317597 3.984805e-04
2.317814 3.970167e-04
2.318031 3.965288e-04
2.318248 3.954734e-04
2.318466 3.940639e-04
2.318683 3.914267e-04
2.318900 3.874200e-04
2.319117 3.829214e-04
2.319334 3.833531e-04
2.319552 3.892834e-04
2.319769 3.912712e-04
2.319986 3.872542e-04
2.320203 3.908502e-04
2.320420 4.064263e-04
2.320638 4.262742e-04
2.320855 4.339827e-04
2.321072 4.324970e-04
2.321289 4.051348e-04
2.321506 3.932453e-04
2.321724 4.058507e-04
2.321941 4.153158e-04
2.322158 4.086802e-04
2.322375 4.014327e-04
2.322592 4.010924e-04
2.322810 4.044660e-04
2.323027 4.060021e-04
2.323244 4.027117e-04
2.323461 3.973415e-04
2.323678 3.937225e-04
2.323895 3.918985e-04
2.324113 3.941062e-04
2.324330 4.058519e-04
2.324547 4.213164e-04
2.324764 4.346823e-04
2.324981 4.472773e-04
2.325199 4.458931e-04
2.325416 4.270555e-04
2.325633 4.064638e-04
2.325850 3.959297e-04
2.326067 3.967161e-04
2.326285 4.022089e-04
2.326502 4.046263e-04
2.326719 4.030996e-04
2.326936 4.005904e-04
2.327153 4.003970e-04
2.327371 4.001020e-04
2.327588 3.991462e-04
2.327805 4.011529e-04
2.328022 4.042150e-04
2.328239 4.120129e-04
2.328457 4.203111e-04
2.328674 4.198243e-04
2.328891 4.184294e-04
2.329108 4.125956e-04
2.329325 4.116147e-04
2.329543 4.185338e-04
2.329760 4.196827e-04
2.329977 4.166774e-04
2.330194 4.150383e-04
2.330411 4.119310e-04
2.330629 4.096100e-04
2.330846 4.125402e-04
2.331063 4.213949e-04
2.331280 4.309293e-04
2.331497 4.331187e-04
2.331714 4.341652e-04
2.331932 4.328490e-04
2.332149 4.305592e-04
2.332366 4.342239e-04
2.332583 4.309148e-04
2.332800 4.232192e-04
2.333018 4.165894e-04
2.333235 4.175209e-04
2.333452 4.172210e-04
2.333669 4.143708e-04
2.333886 4.217563e-04
2.334104 4.203126e-04
2.334321 4.190020e-04
2.334538 4.333171e-04
2.334755 4.393907e-04
2.334972 4.392508e-04
2.335190 4.361511e-04
2.335407 4.289780e-04
2.335624 4.248503e-04
2.335841 4.158384e-04
2.336058 4.216523e-04
2.336276 4.316944e-04
2.336493 4.232519e-04
2.336710 4.245464e-04
2.336927 4.293939e-04
2.337144 4.280325e-04
2.337362 4.280464e-04
2.337579 4.311321e-04
2.337796 4.420587e-04
2.338013 4.511858e-04
2.338230 4.537976e-04
2.338448 4.518450e-04
2.338665 4.586767e-04
2.338882 4.617425e-04
2.339099 4.525951e-04
2.339316 4.493174e-04
2.339533 4.539086e-04
2.339751 4.587300e-04
2.339968 4.714423e-04
2.340185 4.892524e-04
2.340402 4.872760e-04
2.340619 4.730843e-04
2.340837 4.690529e-04
2.341054 4.751221e-04
2.341271 4.746604e-04
2.341488 4.709577e-04
2.341705 4.888450e-04
2.341923 5.070299e-04
2.342140 4.975629e-04
2.342357 4.713642e-04
2.342574 4.551496e-04
2.342791 4.540612e-04
2.343009 4.577241e-04
2.343226 4.627748e-04
2.343443 4.660057e-04
2.343660 4.646812e-04
2.343877 4.582362e-04
2.344095 4.553700e-04
2.344312 4.526598e-04
2.344529 4.605154e-04
2.344746 4.832862e-04
2.344963 4.979818e-04
2.345181 4.915436e-04
2.345398 4.759919e-04
2.345615 4.717127e-04
2.345832 4.701576e-04
2.346049 4.738293e-04
2.346267 4.793238e-04
2.346484 4.773258e-04
2.346701 4.781636e-04
2.346918 4.791253e-04
2.347135 4.868997e-04
2.347352 5.114122e-04
2.347570 5.133508e-04
2.347787 4.900812e-04
2.348004 4.911922e-04
2.348221 4.899618e-04
2.348438 4.854889e-04
2.348656 4.789101e-04
2.348873 4.755280e-04
2.349090 4.872342e-04
2.349307 5.109794e-04
2.349524 5.436943e-04
2.349742 5.560225e-04
2.349959 5.346955e-04
2.350176 5.116472e-04
2.350393 5.198543e-04
2.350610 5.344324e-04
2.350828 5.329151e-04
2.351045 5.260570e-04
2.351262 5.294354e-04
2.351479 5.503798e-04
2.351696 5.689712e-04
2.351914 5.631772e-04
2.352131 5.773982e-04
2.352348 6.152916e-04
2.352565 6.148734e-04
2.352782 5.745007e-04
2.353000 5.416009e-04
2.353217 5.427342e-04
2.353434 5.381792e-04
2.353651 5.196758e-04
2.353868 5.143212e-04
2.354085 5.112270e-04
2.354303 5.101692e-04
2.354520 5.083607e-04
2.354737 5.015659e-04
2.354954 5.013006e-04
2.355171 5.043318e-04
2.355389 5.089206e-04
2.355606 5.171694e-04
2.355823 5.342452e-04
2.356040 5.394316e-04
2.356257 5.320070e-04
2.356475 5.286177e-04
2.356692 5.248724e-04
2.356909 5.255946e-04
2.357126 5.300702e-04
2.357343 5.288618e-04
2.357561 5.264340e-04
2.357778 5.291214e-04
2.357995 5.379051e-04
2.358212 5.506400e-04
2.358429 5.695473e-04
2.358647 5.756156e-04
2.358864 5.662820e-04
2.359081 5.531326e-04
2.359298 5.273723e-04
2.359515 5.082464e-04
2.359733 5.122003e-04
2.359950 5.155310e-04
2.360167 5.130911e-04
2.360384 5.108983e-04
2.360601 5.105697e-04
2.360819 5.016957e-04
2.361036 4.890928e-04
2.361253 5.049674e-04
2.361470 5.333237e-04
2.361687 5.421134e-04
2.361904 5.343584e-04
2.362122 5.254276e-04
2.362339 5.195449e-04
2.362556 5.147835e-04
2.362773 5.170800e-04
2.362990 5.498990e-04
2.363208 6.189666e-04
2.363425 6.070174e-04
2.363642 5.554238e-04
2.363859 5.848259e-04
2.364076 5.891268e-04
2.364294 5.685872e-04
2.364511 5.472687e-04
2.364728 5.376891e-04
2.364945 5.299549e-04
2.365162 5.318024e-04
2.365380 5.354891e-04
2.365597 5.332468e-04
2.365814 5.345468e-04
2.366031 5.406756e-04
2.366248 5.470802e-04
2.366466 5.459557e-04
2.366683 5.501501e-04
2.366900 5.801334e-04
2.367117 6.194145e-04
2.367334 6.359376e-04
2.367552 6.193054e-04
2.367769 5.872795e-04
2.367986 5.598218e-04
2.368203 5.580100e-04
2.368420 5.720181e-04
2.368638 5.928746e-04
2.368855 6.243989e-04
2.369072 6.200761e-04
2.369289 5.843619e-04
2.369506 5.723092e-04
2.369723 5.830609e-04
2.369941 6.036118e-04
2.370158 6.438814e-04
2.370375 6.983795e-04
2.370592 7.182899e-04
2.370809 7.092029e-04
2.371027 7.190744e-04
2.371244 7.470251e-04
2.371461 7.514873e-04
2.371678 7.020331e-04
2.371895 6.540584e-04
2.372113 6.250058e-04
2.372330 6.011685e-04
2.372547 6.009068e-04
2.372764 6.096917e-04
2.372981 6.057633e-04
2.373199 6.060218e-04
2.373416 6.025066e-04
2.373633 6.048706e-04
2.373850 5.968930e-04
2.374067 5.859068e-04
2.374285 5.879932e-04
2.374502 5.880005e-04
2.374719 5.878218e-04
2.374936 5.987804e-04
2.375153 6.064622e-04
2.375371 6.005288e-04
2.375588 5.953506e-04
2.375805 6.057758e-04
2.376022 6.344983e-04
2.376239 6.675897e-04
2.376457 7.037373e-04
2.376674 7.211742e-04
2.376891 6.869079e-04
2.377108 6.565450e-04
2.377325 6.389572e-04
2.377542 6.512727e-04
2.377760 7.089368e-04
2.377977 8.071999e-04
2.378194 8.677663e-04
2.378411 8.363028e-04
2.378628 7.241424e-04
2.378846 6.473233e-04
2.379063 6.311254e-04
2.379280 6.506227e-04
2.379497 6.677478e-04
2.379714 6.696879e-04
2.379932 6.715780e-04
2.380149 6.583088e-04
2.380366 6.666232e-04
2.380583 6.816624e-04
2.380800 6.767622e-04
2.381018 6.452441e-04
2.381235 6.170300e-04
2.381452 6.207818e-04
2.381669 6.197064e-04
2.381886 6.321239e-04
2.382104 6.370939e-04
2.382321 6.460378e-04
2.382538 6.588211e-04
2.382755 6.741938e-04
2.382972 7.240809e-04
2.383190 7.823419e-04
2.383407 8.231927e-04
2.383624 8.559192e-04
2.383841 8.949807e-04
2.384058 9.174462e-04
2.384276 8.660397e-04
2.384493 7.685884e-04
2.384710 6.987678e-04
2.384927 6.776795e-04
2.385144 6.635481e-04
2.385361 6.684983e-04
2.385579 7.210199e-04
2.385796 8.108417e-04
2.386013 8.523571e-04
2.386230 8.087305e-04
2.386447 7.300259e-04
2.386665 6.957036e-04
2.386882 6.749269e-04
2.387099 6.634429e-04
2.387316 6.748386e-04
2.387533 6.850734e-04
2.387751 7.360221e-04
2.387968 8.413737e-04
2.388185 8.870833e-04
2.388402 8.110670e-04
2.388619 7.072742e-04
2.388837 6.651190e-04
2.389054 6.521928e-04
2.389271 6.651588e-04
