# wavelength[micron] photons/cm^2/s/Angstrom/arcsec^2
1.464516 4.048195e-05
1.464679 3.965798e-05
1.464843 3.596995e-05
1.465006 3.606834e-05
1.465169 4.100710e-05
1.465333 4.696528e-05
1.465496 5.335905e-05
1.465660 5.622772e-05
1.465823 4.891736e-05
1.465987 3.933288e-05
1.466150 1.320647e-04
1.466314 3.900201e-04
1.466477 5.629208e-04
1.466640 4.789270e-04
1.466804 2.352015e-04
1.466967 8.469728e-05
1.467131 4.534257e-05
1.467294 3.178381e-05
1.467458 2.252423e-05
1.467621 2.190493e-05
1.467785 2.683384e-05
1.467948 3.634164e-05
1.468112 4.279861e-05
1.468275 4.001522e-05
1.468438 2.848294e-05
1.468602 2.083151e-05
1.468765 1.936091e-05
1.468929 2.157076e-05
1.469092 2.691240e-05
1.469256 3.365239e-05
1.469419 1.623233e-04
1.469583 7.367806e-04
1.469746 1.377465e-03
1.469909 1.483229e-03
1.470073 9.568830e-04
1.470236 3.879031e-04
1.470400 1.348982e-04
1.470563 4.765904e-05
1.470727 2.716811e-05
1.470890 2.219921e-05
1.471054 3.363155e-05
1.471217 3.722294e-05
1.471381 1.708094e-04
1.471544 1.547506e-04
1.471707 3.115238e-05
1.471871 3.471996e-05
1.472034 2.445900e-05
1.472198 1.765538e-05
1.472361 1.495826e-05
1.472525 1.408116e-05
1.472688 1.422946e-05
1.472852 1.740898e-05
1.473015 2.102685e-05
1.473178 2.351202e-05
1.473342 2.325373e-05
1.473505 2.288569e-05
1.473669 8.391458e-05
1.473832 2.155202e-04
1.473996 3.071793e-04
1.474159 2.598820e-04
1.474323 1.290262e-04
1.474486 4.731573e-05
1.474650 2.141432e-05
1.474813 1.619032e-05
1.474976 1.494484e-05
1.475140 2.576922e-05
1.475303 7.188212e-05
1.475467 1.272648e-04
1.475630 1.349735e-04
1.475794 9.409599e-05
1.475957 5.094570e-05
1.476121 3.379721e-05
1.476284 2.325477e-05
1.476447 1.712514e-05
1.476611 1.660694e-05
1.476774 3.145558e-05
1.476938 1.271837e-04
1.477101 2.718165e-04
1.477265 3.228816e-04
1.477428 2.388158e-04
1.477592 8.345861e-05
1.477755 1.553183e-04
1.477919 2.475751e-04
1.478082 2.342014e-04
1.478245 5.381376e-04
1.478409 6.194302e-04
1.478572 4.230039e-04
1.478736 1.572388e-04
1.478899 5.894079e-05
1.479063 4.934677e-05
1.479226 5.463224e-05
1.479390 4.537389e-05
1.479553 8.518501e-05
1.479717 2.810773e-04
1.479880 5.213313e-04
1.480043 5.608425e-04
1.480207 4.047337e-04
1.480370 2.969923e-04
1.480534 2.876820e-04
1.480697 2.392871e-04
1.480861 1.251670e-04
1.481024 5.210164e-05
1.481188 2.849811e-05
1.481351 2.378191e-05
1.481514 1.911615e-05
1.481678 1.463013e-05
1.481841 1.176975e-05
1.482005 1.168819e-05
1.482168 1.297967e-05
1.482332 1.414880e-05
1.482495 1.821137e-05
1.482659 2.948250e-05
1.482822 7.276610e-05
1.482986 3.499190e-04
1.483149 8.838645e-04
1.483312 1.114563e-03
1.483476 8.870885e-04
1.483639 4.031836e-04
1.483803 9.310780e-05
1.483966 2.195684e-05
1.484130 1.522153e-05
1.484293 1.423433e-05
1.484457 1.280623e-05
1.484620 1.162795e-05
1.484783 1.253104e-05
1.484947 1.292494e-05
1.485110 1.237731e-05
1.485274 1.149033e-05
1.485437 1.140795e-05
1.485601 1.506249e-05
1.485764 2.313011e-05
1.485928 3.278910e-05
1.486091 1.134860e-04
1.486255 3.141494e-04
1.486418 4.269855e-04
1.486581 3.609184e-04
1.486745 1.637093e-04
1.486908 5.438238e-05
1.487072 2.068315e-05
1.487235 1.446759e-05
1.487399 1.300199e-05
1.487562 1.437208e-05
1.487726 1.750298e-05
1.487889 2.090638e-05
1.488052 2.515992e-05
1.488216 4.356986e-05
1.488379 2.495890e-04
1.488543 8.742181e-04
1.488706 1.394122e-03
1.488870 1.303803e-03
1.489033 6.601820e-04
1.489197 1.926734e-04
1.489360 3.909381e-05
1.489524 1.790050e-05
1.489687 1.453752e-05
1.489850 1.247120e-05
1.490014 1.331392e-05
1.490177 2.570982e-06
1.490341 6.670898e-05
1.490504 2.815243e-04
1.490668 1.206222e-04
1.490831 1.602681e-04
1.490995 1.610470e-04
1.491158 9.701782e-05
1.491321 3.849830e-05
1.491485 1.676698e-05
1.491648 1.354453e-05
1.491812 1.438856e-05
1.491975 1.426057e-05
1.492139 1.429154e-05
1.492302 1.390947e-05
1.492466 1.468002e-05
1.492629 1.686313e-05
1.492793 7.467018e-05
1.492956 2.888736e-04
1.493119 4.833410e-04
1.493283 4.750645e-04
1.493446 2.556099e-04
1.493610 8.465249e-05
1.493773 3.071292e-05
1.493937 2.563356e-05
1.494100 1.512057e-05
1.494264 6.599765e-05
1.494427 2.999513e-04
1.494590 4.744941e-05
1.494754 5.532403e-06
1.494917 1.242853e-05
1.495081 1.306680e-05
1.495244 1.472776e-05
1.495408 1.613930e-05
1.495571 1.703738e-05
1.495735 1.700422e-05
1.495898 1.649851e-05
1.496062 1.854117e-05
1.496225 2.011819e-05
1.496388 2.261350e-05
1.496552 2.142022e-05
1.496715 1.744370e-05
1.496879 1.450188e-05
1.497042 1.436492e-05
1.497206 1.379972e-05
1.497369 1.369825e-05
1.497533 1.406559e-05
1.497696 1.396672e-05
1.497859 1.292694e-05
1.498023 1.257486e-05
1.498186 1.301516e-05
1.498350 1.370924e-05
1.498513 1.401524e-05
1.498677 1.502769e-05
1.498840 1.547185e-05
1.499004 1.735601e-05
1.499167 1.953285e-05
1.499331 1.933671e-05
1.499494 1.837566e-05
1.499657 1.606013e-05
1.499821 1.504135e-05
1.499984 1.539930e-05
1.500148 1.816231e-05
1.500311 2.863676e-05
1.500475 5.094975e-05
1.500638 5.872462e-05
1.500802 5.292563e-05
1.500965 3.539502e-05
1.501128 2.271303e-05
1.501292 1.733504e-05
1.501455 1.610693e-05
1.501619 1.564823e-05
1.501782 1.533621e-05
1.501946 1.575504e-05
1.502109 1.984368e-05
1.502273 3.515037e-05
1.502436 5.738021e-05
1.502600 6.685345e-05
1.502763 5.530705e-05
1.502926 3.416472e-05
1.503090 1.980104e-05
1.503253 1.373257e-05
1.503417 2.527752e-05
1.503580 1.083049e-04
1.503744 3.420767e-05
1.503907 1.410539e-05
1.504071 1.908331e-05
1.504234 1.967072e-05
1.504397 2.098157e-05
1.504561 2.533063e-05
1.504724 3.658889e-05
1.504888 8.782130e-05
1.505051 3.310235e-04
1.505215 1.255619e-03
1.505378 3.146249e-03
1.505542 3.989580e-03
1.505705 3.116415e-03
1.505869 1.240328e-03
1.506032 2.975998e-04
1.506195 1.374658e-04
1.506359 1.649704e-04
1.506522 3.313413e-04
1.506686 8.329299e-04
1.506849 1.214464e-03
1.507013 1.104854e-03
1.507176 5.400676e-04
1.507340 1.511249e-04
1.507503 3.973869e-05
1.507666 2.728373e-05
1.507830 3.608563e-05
1.507993 4.816057e-05
1.508157 6.004755e-05
1.508320 7.084215e-05
1.508484 1.410712e-04
1.508647 2.785273e-04
1.508811 3.690060e-04
1.508974 3.088070e-04
1.509138 1.622851e-04
1.509301 5.937258e-05
1.509464 2.762325e-05
1.509628 2.481506e-05
1.509791 2.732650e-05
1.509955 2.687144e-05
1.510118 2.363846e-05
1.510282 2.210121e-05
1.510445 2.774040e-05
1.510609 3.621259e-05
1.510772 3.964594e-05
1.510935 4.832887e-05
1.511099 6.710322e-05
1.511262 9.000408e-05
1.511426 9.176351e-05
1.511589 7.328237e-05
1.511753 4.541990e-05
1.511916 2.200934e-05
1.512080 2.351537e-05
1.512243 1.075740e-04
1.512407 3.563014e-05
1.512570 1.359629e-05
1.512733 1.722666e-05
1.512897 1.769591e-05
1.513060 2.011345e-05
1.513224 2.471614e-05
1.513387 2.950670e-05
1.513551 2.921430e-05
1.513714 2.469340e-05
1.513878 2.167515e-05
1.514041 2.391936e-05
1.514204 2.711268e-05
1.514368 2.930821e-05
1.514531 3.012539e-05
1.514695 3.221515e-05
1.514858 3.702260e-05
1.515022 3.968371e-05
1.515185 3.547690e-05
1.515349 2.710990e-05
1.515512 1.980465e-05
1.515676 1.534431e-05
1.515839 1.420059e-05
1.516002 1.357005e-05
1.516166 1.391699e-05
1.516329 1.480442e-05
1.516493 1.457886e-05
1.516656 1.573478e-05
1.516820 1.608641e-05
1.516983 1.541643e-05
1.517147 1.573238e-05
1.517310 1.585581e-05
1.517473 1.576192e-05
1.517637 1.637242e-05
1.517800 1.895589e-05
1.517964 2.066410e-05
1.518127 3.091982e-05
1.518291 1.397913e-04
1.518454 4.135114e-04
1.518618 7.760416e-04
1.518781 8.228625e-04
1.518945 4.728894e-04
1.519108 1.412615e-04
1.519271 3.144609e-05
1.519435 1.754630e-05
1.519598 2.049903e-05
1.519762 5.762548e-05
1.519925 2.199675e-05
1.520089 1.253455e-05
1.520252 1.489009e-05
1.520416 1.930774e-05
1.520579 2.438562e-05
1.520742 2.548568e-05
1.520906 2.281096e-05
1.521069 1.702411e-05
1.521233 1.490715e-05
1.521396 1.920509e-05
1.521560 1.467670e-05
1.521723 1.376571e-05
1.521887 1.488933e-05
1.522050 1.420156e-05
1.522214 1.733177e-05
1.522377 4.048318e-05
1.522540 2.297072e-05
1.522704 1.622658e-05
1.522867 1.862837e-05
1.523031 2.062086e-05
1.523194 2.393850e-05
1.523358 3.039505e-05
1.523521 4.276965e-05
1.523685 2.924154e-04
1.523848 1.467407e-03
1.524011 2.700461e-03
1.524175 2.757099e-03
1.524338 1.490069e-03
1.524502 3.829789e-04
1.524665 6.210303e-05
1.524829 2.884585e-05
1.524992 2.263417e-05
1.525156 2.126500e-05
1.525319 2.375351e-05
1.525483 2.596113e-05
1.525646 2.065408e-05
1.525809 1.730314e-05
1.525973 1.544679e-05
1.526136 1.563018e-05
1.526300 1.674573e-05
1.526463 1.970836e-05
1.526627 2.480329e-05
1.526790 2.615183e-05
1.526954 2.655875e-05
1.527117 2.265489e-05
1.527280 1.781000e-05
1.527444 1.921487e-05
1.527607 1.515370e-05
1.527771 1.557430e-05
1.527934 1.955811e-05
1.528098 2.830167e-05
1.528261 5.334299e-05
1.528425 2.415094e-04
1.528588 7.542203e-04
1.528752 1.087236e-03
1.528915 9.196174e-04
1.529078 3.838458e-04
1.529242 8.826380e-05
1.529405 2.608389e-05
1.529569 1.800880e-05
1.529732 1.587535e-05
1.529896 1.444674e-05
1.530059 1.428088e-05
1.530223 1.494827e-05
1.530386 9.930045e-06
1.530550 3.974338e-05
1.530713 1.702494e-04
1.530876 6.213598e-05
1.531040 5.385146e-05
1.531203 5.005536e-05
1.531367 2.920489e-05
1.531530 1.821291e-05
1.531694 1.567453e-05
1.531857 1.572181e-05
1.532021 1.606782e-05
1.532184 1.776299e-05
1.532347 2.206308e-05
1.532511 2.876320e-05
1.532674 4.409570e-05
1.532838 3.611264e-04
1.533001 1.621361e-03
1.533165 2.902890e-03
1.533328 2.868154e-03
1.533492 1.488182e-03
1.533655 3.436367e-04
1.533819 5.553193e-05
1.533982 2.901183e-05
1.534145 2.215618e-05
1.534309 1.853564e-05
1.534472 2.229051e-05
1.534636 4.532372e-05
1.534799 7.312698e-05
1.534963 7.451764e-05
1.535126 4.629525e-05
1.535290 2.162943e-05
1.535453 1.599318e-05
1.535616 1.607196e-05
1.535780 1.509006e-05
1.535943 1.306703e-05
1.536107 1.261941e-05
1.536270 1.291808e-05
1.536434 1.256477e-05
1.536597 1.210309e-05
1.536761 1.259213e-05
1.536924 1.636148e-05
1.537088 3.043218e-05
1.537251 5.516417e-05
1.537414 8.783631e-05
1.537578 1.116710e-04
1.537741 1.092743e-04
1.537905 7.888186e-05
1.538068 4.487334e-05
1.538232 2.360223e-05
1.538395 2.298895e-05
1.538559 4.517813e-05
1.538722 6.846346e-05
1.538885 9.302389e-05
1.539049 1.453442e-04
1.539212 2.719086e-04
1.539376 6.888047e-04
1.539539 8.789090e-04
1.539703 6.447170e-04
1.539866 2.152139e-04
1.540030 4.221144e-05
1.540193 2.685915e-05
1.540357 4.213309e-05
1.540520 5.981706e-05
1.540683 6.466892e-05
1.540847 5.464267e-05
1.541010 4.897843e-05
1.541174 4.522140e-05
1.541337 3.698567e-05
1.541501 2.360238e-05
1.541664 1.736415e-05
1.541828 1.774978e-05
1.541991 2.453730e-05
1.542154 3.446402e-05
1.542318 4.134345e-05
1.542481 4.612073e-05
1.542645 5.252583e-05
1.542808 2.705138e-04
1.542972 1.069380e-03
1.543135 1.954975e-03
1.543299 1.932509e-03
1.543462 1.047786e-03
1.543626 2.604362e-04
1.543789 6.956654e-05
1.543952 4.974817e-05
1.544116 3.423005e-05
1.544279 1.977442e-05
1.544443 1.515046e-05
1.544606 1.411637e-05
1.544770 1.384919e-05
1.544933 1.336431e-05
1.545097 1.219585e-05
1.545260 1.225132e-05
1.545423 1.340956e-05
1.545587 1.298712e-05
1.545750 1.588752e-05
1.545914 3.988170e-05
1.546077 7.946073e-05
1.546241 9.367357e-05
1.546404 6.961247e-05
1.546568 3.847491e-05
1.546731 3.460387e-05
1.546895 3.386608e-05
1.547058 3.203526e-05
1.547221 4.751330e-05
1.547385 6.584307e-05
1.547548 5.981666e-05
1.547712 3.328716e-05
1.547875 1.601667e-05
1.548039 1.285960e-05
1.548202 1.182735e-05
1.548366 1.356933e-05
1.548529 3.044989e-05
1.548692 6.282364e-05
1.548856 7.928144e-05
1.549019 6.080544e-05
1.549183 2.897819e-05
1.549346 1.803041e-05
1.549510 1.914887e-05
1.549673 4.112363e-05
1.549837 1.328244e-04
1.550000 2.409583e-04
1.550164 2.419652e-04
1.550327 1.385444e-04
1.550490 4.972342e-05
1.550654 1.409155e-04
1.550817 3.695493e-04
1.550981 4.868997e-04
1.551144 3.594930e-04
1.551308 1.344141e-04
1.551471 7.438779e-05
1.551635 1.367997e-04
1.551798 1.609945e-04
1.551961 1.103650e-04
1.552125 4.150223e-05
1.552288 1.536664e-05
1.552452 1.282739e-05
1.552615 1.235837e-05
1.552779 1.246527e-05
1.552942 1.304816e-05
1.553106 1.421445e-05
1.553269 1.717769e-05
1.553433 2.014838e-05
1.553596 9.149640e-05
1.553759 4.201143e-04
1.553923 8.661289e-04
1.554086 9.709513e-04
1.554250 7.356411e-04
1.554413 6.316262e-04
1.554577 7.062662e-04
1.554740 5.811422e-04
1.554904 2.531962e-04
1.555067 4.764176e-05
1.555230 1.997147e-05
1.555394 1.677755e-05
1.555557 1.512794e-05
1.555721 1.504444e-05
1.555884 2.185081e-05
1.556048 3.234767e-05
1.556211 3.715902e-05
1.556375 2.984219e-05
1.556538 5.403755e-05
1.556702 1.257822e-04
1.556865 2.518528e-04
1.557028 3.292441e-04
1.557192 2.378352e-04
1.557355 9.224623e-05
1.557519 3.056974e-05
1.557682 2.382689e-05
1.557846 2.498428e-05
1.558009 2.893847e-05
1.558173 2.952332e-05
1.558336 2.268292e-05
1.558499 1.499849e-05
1.558663 1.419160e-05
1.558826 1.537361e-05
1.558990 1.786224e-05
1.559153 2.217684e-05
1.559317 6.956772e-05
1.559480 5.007447e-04
1.559644 1.117832e-03
1.559807 1.285838e-03
1.559971 7.762308e-04
1.560134 2.037793e-04
1.560297 2.697745e-05
1.560461 1.965200e-05
1.560624 1.536438e-05
1.560788 1.312742e-05
1.560951 1.627184e-05
1.561115 2.788528e-05
1.561278 3.716307e-05
1.561442 3.380877e-05
1.561605 2.208570e-05
1.561768 1.802066e-05
1.561932 2.161204e-05
1.562095 2.230705e-05
1.562259 1.838605e-05
1.562422 1.588283e-05
1.562586 1.988432e-05
1.562749 8.100731e-05
1.562913 3.898314e-04
1.563076 6.871917e-04
1.563240 6.654513e-04
1.563403 3.275878e-04
1.563566 7.024907e-05
1.563730 1.832889e-05
1.563893 2.388928e-05
1.564057 2.595627e-05
1.564220 2.572887e-05
1.564384 2.615330e-05
1.564547 2.206816e-05
1.564711 2.567724e-05
1.564874 2.868369e-05
1.565037 6.999909e-05
1.565201 5.906132e-04
1.565364 1.547651e-03
1.565528 1.982185e-03
1.565691 1.434266e-03
1.565855 5.474893e-04
1.566018 1.325720e-04
1.566182 3.840520e-05
1.566345 2.013228e-05
1.566509 1.710210e-05
1.566672 1.473405e-05
1.566835 1.334684e-05
1.566999 1.244732e-05
1.567162 1.249074e-05
1.567326 1.318901e-05
1.567489 1.269298e-05
1.567653 1.310811e-05
1.567816 1.500263e-05
1.567980 1.939071e-05
1.568143 2.510537e-05
1.568306 2.873365e-05
1.568470 2.695995e-05
1.568633 2.306476e-05
1.568797 1.954081e-05
1.568960 1.796978e-05
1.569124 1.622663e-05
1.569287 1.594128e-05
1.569451 1.715250e-05
1.569614 2.359790e-05
1.569778 4.460265e-05
1.569941 1.874239e-04
1.570104 4.734962e-04
1.570268 5.747318e-04
1.570431 4.096284e-04
1.570595 1.235041e-04
1.570758 2.509756e-05
1.570922 2.209337e-05
1.571085 2.458498e-05
1.571249 2.378687e-05
1.571412 2.720293e-05
1.571575 1.610040e-05
1.571739 1.749429e-05
1.571902 2.396918e-05
1.572066 3.012172e-05
1.572229 3.801389e-05
1.572393 4.561939e-05
1.572556 4.184997e-05
1.572720 2.661279e-05
1.572883 2.034006e-05
1.573047 2.708020e-05
1.573210 3.450357e-05
1.573373 3.316758e-05
1.573537 3.006925e-05
1.573700 3.465056e-05
1.573864 3.602675e-05
1.574027 2.910690e-05
1.574191 1.680049e-05
1.574354 1.437408e-05
1.574518 2.165130e-05
1.574681 2.522587e-05
1.574844 2.501017e-05
1.575008 2.835162e-05
1.575171 3.066541e-05
1.575335 2.581697e-05
1.575498 1.755551e-05
1.575662 2.489636e-05
1.575825 6.282131e-05
1.575989 9.339854e-05
1.576152 8.542542e-05
1.576316 5.668573e-05
1.576479 4.435417e-05
1.576642 4.413739e-05
1.576806 3.304156e-05
1.576969 1.925806e-05
1.577133 1.551046e-05
1.577296 2.154393e-05
1.577460 2.517740e-05
1.577623 2.732642e-05
1.577787 4.526933e-05
1.577950 8.782799e-05
1.578113 1.259095e-04
1.578277 1.171168e-04
1.578440 7.118104e-05
1.578604 3.148562e-05
1.578767 1.777733e-05
1.578931 1.858849e-05
1.579094 2.464161e-05
1.579258 3.162560e-05
1.579421 3.272526e-05
1.579585 2.648462e-05
1.579748 1.853823e-05
1.579911 2.362714e-05
1.580075 5.175472e-05
1.580238 8.825671e-05
1.580402 1.020142e-04
1.580565 1.180056e-04
1.580729 1.519933e-04
1.580892 1.580219e-04
1.581056 1.184372e-04
1.581219 5.959558e-05
1.581382 1.877907e-05
1.581546 1.489073e-05
1.581709 1.462055e-05
1.581873 1.590559e-05
1.582036 1.918461e-05
1.582200 2.622127e-05
1.582363 3.378071e-05
1.582527 4.503506e-05
1.582690 1.486601e-04
1.582854 4.594918e-04
1.583017 1.907517e-03
1.583180 4.253861e-03
1.583344 4.983451e-03
1.583507 3.280893e-03
1.583671 9.046834e-04
1.583834 1.025138e-04
1.583998 1.324502e-04
1.584161 1.789872e-04
1.584325 2.030492e-04
1.584488 5.476854e-04
1.584652 1.284929e-03
1.584815 1.655525e-03
1.584978 1.174997e-03
1.585142 3.819421e-04
1.585305 5.755201e-05
1.585469 3.920607e-05
1.585632 3.101785e-05
1.585796 3.015997e-05
1.585959 4.080231e-05
1.586123 5.930181e-05
1.586286 6.525544e-05
1.586449 7.665034e-05
1.586613 1.956014e-04
1.586776 4.045021e-04
1.586940 4.948858e-04
1.587103 3.640433e-04
1.587267 1.613991e-04
1.587430 6.004701e-05
1.587594 3.934762e-05
1.587757 2.655927e-05
1.587921 2.032062e-05
1.588084 2.547752e-05
1.588247 2.901274e-05
1.588411 2.640210e-05
1.588574 2.540402e-05
1.588738 3.689474e-05
1.588901 4.858442e-05
1.589065 4.763287e-05
1.589228 4.944559e-05
1.589392 8.611513e-05
1.589555 1.429883e-04
1.589718 1.751518e-04
1.589882 1.465258e-04
1.590045 9.167482e-05
1.590209 4.628051e-05
1.590372 2.378990e-05
1.590536 1.462539e-05
1.590699 1.102584e-05
1.590863 1.204163e-05
1.591026 1.572328e-05
1.591190 2.701953e-05
1.591353 4.325750e-05
1.591516 5.897770e-05
1.591680 5.606490e-05
1.591843 3.796910e-05
1.592007 1.849405e-05
1.592170 1.546364e-05
1.592334 2.234452e-05
1.592497 2.616540e-05
1.592661 2.733115e-05
1.592824 2.922569e-05
1.592987 2.927704e-05
1.593151 2.716947e-05
1.593314 2.798056e-05
1.593478 3.090276e-05
1.593641 2.884326e-05
1.593805 2.059059e-05
1.593968 1.491636e-05
1.594132 1.286948e-05
1.594295 1.291533e-05
1.594459 1.390477e-05
1.594622 1.459702e-05
1.594785 1.421346e-05
1.594949 1.290781e-05
1.595112 1.220597e-05
1.595276 1.328908e-05
1.595439 2.010253e-05
1.595603 1.049062e-04
1.595766 3.528973e-05
1.595930 1.114616e-05
1.596093 4.169335e-05
1.596256 1.999082e-05
1.596420 1.380376e-05
1.596583 1.752406e-05
1.596747 2.714749e-05
1.596910 1.907063e-04
1.597074 7.337349e-04
1.597237 1.048454e-03
1.597401 8.559626e-04
1.597564 2.911587e-04
1.597728 4.325000e-05
1.597891 1.946857e-05
1.598054 1.694205e-05
1.598218 1.583257e-05
1.598381 1.570447e-05
1.598545 1.496431e-05
1.598708 1.310627e-05
1.598872 1.296910e-05
1.599035 1.299969e-05
1.599199 1.410318e-05
1.599362 1.596719e-05
1.599525 1.425441e-05
1.599689 1.258781e-05
1.599852 1.121577e-05
1.600016 1.224707e-05
1.600179 1.139084e-05
1.600343 1.180415e-05
1.600506 1.219078e-05
1.600670 1.188455e-05
1.600833 1.125182e-05
1.600997 1.168244e-05
1.601160 1.415255e-05
1.601323 1.622201e-05
1.601487 1.720537e-05
1.601650 1.628903e-05
1.601814 1.664265e-05
1.601977 1.760073e-05
1.602141 1.993286e-05
1.602304 2.683002e-05
1.602468 2.890082e-05
1.602631 1.517772e-04
1.602794 1.211462e-03
1.602958 3.145766e-03
1.603121 3.577626e-03
1.603285 2.243672e-03
1.603448 4.603463e-04
1.603612 5.215848e-05
1.603775 3.356626e-05
1.603939 3.675661e-05
1.604102 4.700863e-05
1.604266 4.989316e-05
1.604429 3.684068e-05
1.604592 2.059686e-05
1.604756 1.313493e-05
1.604919 1.253672e-05
1.605083 1.337732e-05
1.605246 1.462008e-05
1.605410 2.044759e-05
1.605573 3.241724e-05
1.605737 4.170938e-05
1.605900 4.232936e-05
1.606063 3.121869e-05
1.606227 2.165300e-05
1.606390 1.957595e-05
1.606554 2.550893e-05
1.606717 2.557330e-05
1.606881 2.386764e-05
1.607044 2.497155e-05
1.607208 3.523880e-05
1.607371 4.165424e-05
1.607535 8.205677e-05
1.607698 5.155432e-04
1.607861 1.192179e-03
1.608025 1.318261e-03
1.608188 7.669443e-04
1.608352 1.520983e-04
1.608515 2.287434e-05
1.608679 1.989827e-05
1.608842 1.599507e-05
1.609006 1.512417e-05
1.609169 1.549282e-05
1.609332 1.634645e-05
1.609496 1.956470e-05
1.609659 2.354345e-05
1.609823 2.346951e-05
1.609986 1.779793e-05
1.610150 1.346835e-05
1.610313 1.366405e-05
1.610477 1.259133e-05
1.610640 1.136402e-05
1.610804 1.174223e-05
1.610967 1.200133e-05
1.611130 1.239385e-05
1.611294 1.214106e-05
1.611457 2.949348e-05
1.611621 4.260310e-05
1.611784 4.847665e-05
1.611948 5.517694e-05
1.612111 4.944454e-05
1.612275 4.834136e-05
1.612438 2.256135e-04
1.612601 1.716033e-03
1.612765 3.535754e-03
1.612928 3.747190e-03
1.613092 1.975754e-03
1.613255 3.839156e-04
1.613419 3.556039e-05
1.613582 3.489149e-05
1.613746 3.782417e-05
1.613909 2.741846e-05
1.614073 1.593154e-05
1.614236 1.545316e-05
1.614399 1.460965e-05
1.614563 1.415912e-05
1.614726 1.382303e-05
1.614890 1.456301e-05
1.615053 1.739417e-05
1.615217 2.075319e-05
1.615380 2.105496e-05
1.615544 2.230669e-05
1.615707 4.942518e-05
1.615870 8.190097e-05
1.616034 8.499269e-05
1.616197 4.825629e-05
1.616361 1.900239e-05
1.616524 1.295873e-05
1.616688 1.314161e-05
1.616851 1.514149e-05
1.617015 1.911611e-05
1.617178 2.098029e-05
1.617342 1.946136e-05
1.617505 1.613123e-05
1.617668 1.362626e-05
1.617832 1.299336e-05
1.617995 1.275918e-05
1.618159 1.376812e-05
1.618322 1.566444e-05
1.618486 1.805198e-05
1.618649 2.090234e-05
1.618813 2.252383e-05
1.618976 3.761377e-05
1.619139 2.631936e-04
1.619303 8.598610e-04
1.619466 1.103966e-03
1.619630 8.161974e-04
1.619793 2.320852e-04
1.619957 3.255045e-05
1.620120 1.995670e-05
1.620284 1.742207e-05
1.620447 1.747451e-05
1.620611 2.652874e-05
1.620774 4.173801e-05
1.620937 5.353351e-05
1.621101 4.810116e-05
1.621264 3.431911e-05
1.621428 2.093702e-05
1.621591 1.431202e-05
1.621755 2.189866e-05
1.621918 5.569225e-05
1.622082 9.038510e-05
1.622245 1.052085e-04
1.622408 8.148066e-05
1.622572 7.027369e-05
1.622735 1.116598e-04
1.622899 1.133361e-04
1.623062 1.729272e-04
1.623226 7.619234e-04
1.623389 2.055621e-03
1.623553 2.595487e-03
1.623716 1.831085e-03
1.623880 5.151188e-04
1.624043 6.014645e-05
1.624206 3.838783e-05
1.624370 6.833037e-05
1.624533 9.348051e-05
1.624697 8.327788e-05
1.624860 4.620730e-05
1.625024 3.602044e-05
1.625187 5.058875e-05
1.625351 5.120396e-05
1.625514 3.844295e-05
1.625677 2.873430e-05
1.625841 3.080606e-05
1.626004 2.766161e-05
1.626168 2.309743e-05
1.626331 2.198253e-05
1.626495 2.197643e-05
1.626658 2.827521e-05
1.626822 5.985542e-05
1.626985 9.099507e-05
1.627149 8.029438e-05
1.627312 3.979720e-05
1.627475 1.514672e-05
1.627639 2.331099e-05
1.627802 4.211470e-05
1.627966 5.157384e-05
1.628129 4.178334e-05
1.628293 2.426983e-05
1.628456 1.660973e-05
1.628620 1.465229e-05
1.628783 1.277312e-05
1.628946 1.233442e-05
1.629110 1.180224e-05
1.629273 1.246407e-05
1.629437 1.248033e-05
1.629600 1.266290e-05
1.629764 1.377805e-05
1.629927 4.491076e-05
1.630091 1.100925e-04
1.630254 1.440629e-04
1.630418 1.191446e-04
1.630581 9.008466e-05
1.630744 9.000545e-05
1.630908 7.677588e-05
1.631071 4.259053e-05
1.631235 3.836827e-05
1.631398 2.128985e-04
1.631562 5.400265e-04
1.631725 6.707312e-04
1.631889 4.438381e-04
1.632052 1.342764e-04
1.632215 1.846422e-05
1.632379 1.713493e-05
1.632542 1.424842e-05
1.632706 1.326876e-05
1.632869 1.304051e-05
1.633033 1.266731e-05
1.633196 1.235183e-05
1.633360 1.305681e-05
1.633523 1.472779e-05
1.633687 2.286100e-05
1.633850 1.007128e-04
1.634013 2.549943e-04
1.634177 3.280079e-04
1.634340 2.480127e-04
1.634504 1.156037e-04
1.634667 9.539330e-05
1.634831 4.500113e-04
1.634994 1.048364e-03
1.635158 1.272447e-03
1.635321 8.429635e-04
1.635485 2.698681e-04
1.635648 7.292202e-05
1.635811 1.333567e-04
1.635975 1.880242e-04
1.636138 1.847112e-04
1.636302 1.262865e-04
1.636465 8.309876e-05
1.636629 6.302911e-05
1.636792 4.568673e-05
1.636956 4.283552e-05
1.637119 4.258335e-05
1.637282 3.437979e-05
1.637446 2.504976e-05
1.637609 1.530617e-05
1.637773 1.191943e-05
1.637936 1.283209e-05
1.638100 1.514290e-05
1.638263 1.850492e-05
1.638427 4.937874e-05
1.638590 3.206798e-04
1.638754 6.707712e-04
1.638917 7.083523e-04
1.639080 3.821058e-04
1.639244 8.079094e-05
1.639407 2.256816e-05
1.639571 3.358961e-05
1.639734 3.602437e-05
1.639898 2.939660e-05
1.640061 1.778052e-05
1.640225 1.473224e-05
1.640388 1.594656e-05
1.640551 1.746445e-05
1.640715 2.630958e-05
1.640878 3.277175e-05
1.641042 4.173560e-05
1.641205 1.447012e-04
1.641369 3.179994e-04
1.641532 3.423514e-04
1.641696 2.005085e-04
1.641859 4.348641e-05
1.642023 1.297483e-05
1.642186 1.265416e-05
1.642349 1.182685e-05
1.642513 1.177235e-05
1.642676 1.191756e-05
1.642840 1.328480e-05
1.643003 1.460796e-05
1.643167 1.498212e-05
1.643330 1.589489e-05
1.643494 1.986548e-05
1.643657 2.809158e-05
1.643820 1.614238e-04
1.643984 7.574219e-04
1.644147 1.388694e-03
1.644311 1.316134e-03
1.644474 7.059587e-04
1.644638 3.127758e-04
1.644801 2.839510e-04
1.644965 1.904449e-04
1.645128 6.211825e-05
1.645292 3.463449e-05
1.645455 3.725965e-05
1.645618 3.744681e-05
1.645782 3.560758e-05
1.645945 3.365836e-05
1.646109 2.754789e-05
1.646272 2.018468e-05
1.646436 1.899122e-05
1.646599 2.205328e-05
1.646763 2.250409e-05
1.646926 2.074338e-05
1.647089 2.088464e-05
1.647253 8.605180e-05
1.647416 2.825005e-04
1.647580 5.887059e-04
1.647743 8.696339e-04
1.647907 8.227924e-04
1.648070 4.908040e-04
1.648234 1.430134e-04
1.648397 2.332810e-05
1.648561 1.930823e-05
1.648724 1.583471e-05
1.648887 1.422159e-05
1.649051 1.476114e-05
1.649214 1.532819e-05
1.649378 1.736755e-05
1.649541 2.323910e-05
1.649705 1.930768e-05
1.649868 2.392379e-04
1.650032 1.037178e-03
1.650195 1.730745e-03
1.650358 1.464956e-03
1.650522 6.017584e-04
1.650685 4.958027e-05
1.650849 2.506277e-05
1.651012 1.808094e-05
1.651176 1.434886e-05
1.651339 1.350584e-05
1.651503 1.291633e-05
1.651666 1.268250e-05
1.651830 1.359453e-05
1.651993 1.362122e-05
1.652156 1.367587e-05
1.652320 1.368831e-05
1.652483 1.854181e-05
1.652647 3.264903e-05
1.652810 5.044460e-05
1.652974 5.656524e-05
1.653137 4.689525e-05
1.653301 3.066446e-05
1.653464 1.775960e-05
1.653627 2.429573e-05
1.653791 4.082907e-05
1.653954 4.960484e-05
1.654118 4.902864e-05
1.654281 4.249478e-05
1.654445 3.456392e-05
1.654608 2.331773e-05
1.654772 1.712507e-05
1.654935 2.774357e-05
1.655099 2.263795e-04
1.655262 5.402495e-04
1.655425 6.276849e-04
1.655589 3.788789e-04
1.655752 1.046023e-04
1.655916 3.094563e-05
1.656079 2.886542e-05
1.656243 1.724905e-05
1.656406 1.191468e-05
1.656570 1.093979e-05
1.656733 1.204447e-05
1.656896 1.065369e-05
1.657060 1.023171e-05
1.657223 1.071221e-05
1.657387 1.025947e-05
1.657550 9.707110e-06
1.657714 9.562340e-06
1.657877 1.066801e-05
1.658041 1.033068e-05
1.658204 1.667559e-05
1.658368 5.505072e-05
1.658531 1.047258e-04
1.658694 1.121398e-04
1.658858 6.724115e-05
1.659021 2.318308e-05
1.659185 1.513294e-05
1.659348 1.958874e-05
1.659512 3.161441e-05
1.659675 1.912041e-05
1.659839 1.355516e-05
1.660002 4.807796e-05
1.660165 2.028091e-05
1.660329 1.114449e-05
1.660492 1.345928e-05
1.660656 2.932042e-05
1.660819 8.959024e-05
1.660983 1.574507e-04
1.661146 1.758525e-04
1.661310 1.127196e-04
1.661473 4.543860e-05
1.661637 1.470121e-05
1.661800 1.113309e-05
1.661963 1.118454e-05
1.662127 1.072459e-05
1.662290 1.103920e-05
1.662454 1.077340e-05
1.662617 1.072874e-05
1.662781 9.033429e-06
1.662944 2.130431e-05
1.663108 7.186773e-05
1.663271 1.722185e-05
1.663434 1.075623e-05
1.663598 1.416562e-05
1.663761 1.490545e-05
1.663925 1.443142e-05
1.664088 1.227956e-05
1.664252 1.114821e-05
1.664415 1.162982e-05
1.664579 1.168077e-05
1.664742 1.085683e-05
1.664906 1.094655e-05
1.665069 1.301319e-05
1.665232 1.858986e-05
1.665396 2.355790e-05
1.665559 2.298896e-05
1.665723 2.388243e-05
1.665886 3.132457e-05
1.666050 3.443211e-05
1.666213 2.723270e-05
1.666377 1.820529e-05
1.666540 1.983990e-05
1.666703 2.194881e-05
1.666867 1.858302e-05
1.667030 1.366650e-05
1.667194 1.236736e-05
1.667357 1.297261e-05
1.667521 1.384966e-05
1.667684 1.425558e-05
1.667848 1.579237e-05
1.668011 1.823649e-05
1.668175 2.262520e-05
1.668338 2.886452e-05
1.668501 7.641280e-05
1.668665 2.556384e-04
1.668828 8.010966e-04
1.668992 2.659814e-03
1.669155 4.793203e-03
1.669319 4.476652e-03
1.669482 2.299499e-03
1.669646 2.927328e-04
1.669809 6.748141e-05
1.669972 9.603787e-05
1.670136 1.592688e-04
1.670299 1.765045e-04
1.670463 2.146079e-04
1.670626 7.669090e-04
1.670790 1.557999e-03
1.670953 1.636673e-03
1.671117 9.291950e-04
1.671280 1.879139e-04
1.671444 3.945411e-05
1.671607 4.744245e-05
1.671770 6.443145e-05
1.671934 6.588009e-05
1.672097 6.069624e-05
1.672261 7.401106e-05
1.672424 9.156822e-05
1.672588 7.559911e-05
1.672751 5.695664e-05
1.672915 1.676007e-04
1.673078 4.204312e-04
1.673241 5.877164e-04
1.673405 4.837640e-04
1.673568 2.235064e-04
1.673732 5.347705e-05
1.673895 1.574391e-05
1.674059 1.498842e-05
1.674222 1.294910e-05
1.674386 1.281617e-05
1.674549 1.277043e-05
1.674713 1.441011e-05
1.674876 5.948153e-06
1.675039 1.450936e-04
1.675203 1.339037e-04
1.675366 8.315148e-05
1.675530 1.085343e-04
1.675693 8.217830e-05
1.675857 5.687371e-05
1.676020 7.587729e-05
1.676184 1.082945e-04
1.676347 1.296093e-04
1.676510 1.096925e-04
1.676674 7.284113e-05
1.676837 3.150306e-05
1.677001 1.342121e-05
1.677164 1.182621e-05
1.677328 1.096818e-05
1.677491 1.088245e-05
1.677655 1.839521e-05
1.677818 1.419829e-05
1.677982 9.657789e-06
1.678145 9.539886e-06
1.678308 1.027675e-05
1.678472 1.026672e-05
1.678635 1.010299e-05
1.678799 9.746516e-06
1.678962 1.000579e-05
1.679126 1.216183e-05
1.679289 1.556406e-05
1.679453 1.675151e-05
1.679616 1.694521e-05
1.679779 2.482651e-05
1.679943 3.180304e-05
1.680106 3.146664e-05
1.680270 2.979921e-05
1.680433 3.324854e-05
1.680597 3.135821e-05
1.680760 1.984635e-05
1.680924 1.184522e-05
1.681087 1.046224e-05
1.681251 1.084961e-05
1.681414 1.078050e-05
1.681577 1.062713e-05
1.681741 1.094273e-05
1.681904 1.141901e-05
1.682068 1.095917e-05
1.682231 1.103290e-05
1.682395 1.129680e-05
1.682558 1.711704e-05
1.682722 2.571402e-05
1.682885 1.341697e-05
1.683048 1.184393e-05
1.683212 1.410007e-05
1.683375 1.600361e-05
1.683539 2.225357e-05
1.683702 1.675365e-04
1.683866 6.503143e-04
1.684029 9.391469e-04
1.684193 7.773347e-04
1.684356 2.614473e-04
1.684520 4.130911e-05
1.684683 2.098965e-05
1.684846 1.626726e-05
1.685010 1.494662e-05
1.685173 1.634863e-05
1.685337 1.764329e-05
1.685500 1.420764e-05
1.685664 1.154516e-05
1.685827 1.115106e-05
1.685991 1.089839e-05
1.686154 1.161302e-05
1.686317 1.202108e-05
1.686481 1.177832e-05
1.686644 1.201480e-05
1.686808 1.475146e-05
1.686971 2.193668e-05
1.687135 2.496700e-05
1.687298 2.499165e-05
1.687462 2.804497e-05
1.687625 3.647273e-05
1.687789 3.379172e-05
1.687952 2.280777e-05
1.688115 1.959555e-05
1.688279 2.502738e-05
1.688442 2.572669e-05
1.688606 2.855357e-05
1.688769 4.433647e-05
1.688933 6.243087e-05
1.689096 5.953486e-05
1.689260 3.912369e-05
1.689423 2.953384e-05
1.689587 4.068745e-05
1.689750 5.959880e-05
1.689913 1.547040e-04
1.690077 1.201675e-03
1.690240 3.085240e-03
1.690404 3.632089e-03
1.690567 2.351691e-03
1.690731 5.682386e-04
1.690894 1.327203e-04
1.691058 1.038621e-04
1.691221 6.695225e-05
1.691384 4.862498e-05
1.691548 3.875579e-05
1.691711 2.344010e-05
1.691875 1.423560e-05
1.692038 1.304457e-05
1.692202 1.305575e-05
1.692365 1.357865e-05
1.692529 1.304098e-05
1.692692 1.193778e-05
1.692856 1.215163e-05
1.693019 1.194893e-05
1.693182 1.133222e-05
1.693346 1.110414e-05
1.693509 1.136517e-05
1.693673 1.646979e-05
1.693836 1.745972e-05
1.694000 1.219657e-05
1.694163 1.339256e-05
1.694327 1.700517e-05
1.694490 2.631579e-05
1.694653 2.690758e-05
1.694817 2.244194e-05
1.694980 2.086821e-05
1.695144 2.027497e-04
1.695307 8.881904e-04
1.695471 1.417860e-03
1.695634 1.191204e-03
1.695798 4.644563e-04
1.695961 4.187548e-05
1.696125 2.202368e-05
1.696288 1.756260e-05
1.696451 1.484691e-05
1.696615 1.335863e-05
1.696778 1.252335e-05
1.696942 1.176917e-05
1.697105 1.185840e-05
1.697269 1.180018e-05
1.697432 1.187977e-05
1.697596 1.234251e-05
1.697759 1.124493e-05
1.697922 1.100182e-05
1.698086 1.175858e-05
1.698249 1.323973e-05
1.698413 1.468199e-05
1.698576 1.513781e-05
1.698740 1.902923e-05
1.698903 2.409782e-05
1.699067 2.528199e-05
1.699230 2.065495e-05
1.699394 1.698113e-05
1.699557 1.782631e-05
1.699720 2.039285e-05
1.699884 2.177008e-05
1.700047 2.603292e-05
1.700211 3.504108e-05
1.700374 7.913976e-05
1.700538 7.899360e-04
1.700701 2.855165e-03
1.700865 3.979099e-03
1.701028 3.085255e-03
1.701191 1.023896e-03
1.701355 1.312462e-04
1.701518 5.643561e-05
1.701682 3.315914e-05
1.701845 2.140631e-05
1.702009 1.785840e-05
1.702172 1.522097e-05
1.702336 1.373347e-05
1.702499 1.273499e-05
1.702663 1.147628e-05
1.702826 1.261676e-05
1.702989 1.313009e-05
1.703153 1.255041e-05
1.703316 1.213617e-05
1.703480 1.152191e-05
1.703643 1.154679e-05
1.703807 1.181837e-05
1.703970 1.140474e-05
1.704134 1.137503e-05
1.704297 1.214652e-05
1.704460 1.125697e-05
1.704624 1.183829e-05
1.704787 1.558741e-05
1.704951 1.985396e-05
1.705114 2.359302e-05
1.705278 3.912012e-05
1.705441 7.846119e-05
1.705605 1.219220e-04
1.705768 1.106890e-04
1.705932 6.316919e-05
1.706095 1.933333e-05
1.706258 1.136040e-05
1.706422 1.177994e-05
1.706585 1.258036e-05
1.706749 2.068542e-05
1.706912 4.295205e-05
1.707076 5.985803e-05
1.707239 6.623643e-05
1.707403 1.036943e-04
1.707566 4.545021e-04
1.707729 1.025422e-03
1.707893 1.087268e-03
1.708056 6.368339e-04
1.708220 1.107567e-04
1.708383 2.048396e-05
1.708547 1.908595e-05
1.708710 1.686387e-05
1.708874 1.458736e-05
1.709037 1.268503e-05
1.709201 1.501069e-05
1.709364 1.833209e-05
1.709527 1.664676e-05
1.709691 2.288016e-05
1.709854 3.632728e-05
1.710018 4.809714e-05
1.710181 5.448269e-05
1.710345 6.144492e-05
1.710508 5.783379e-05
1.710672 5.313729e-05
1.710835 4.992370e-05
1.710998 5.040282e-05
1.711162 4.054909e-05
1.711325 7.523114e-05
1.711489 1.302309e-04
1.711652 4.304222e-05
1.711816 4.284580e-05
1.711979 3.663665e-04
1.712143 1.516076e-03
1.712306 2.638163e-03
1.712470 2.406528e-03
1.712633 1.119611e-03
1.712796 1.566092e-04
1.712960 3.373165e-05
1.713123 2.431291e-05
1.713287 1.839296e-05
1.713450 1.567055e-05
1.713614 1.379350e-05
1.713777 1.218312e-05
1.713941 1.114107e-05
1.714104 1.069769e-05
1.714267 1.066262e-05
1.714431 1.196289e-05
1.714594 1.184868e-05
1.714758 1.109819e-05
1.714921 1.138636e-05
1.715085 1.060462e-05
1.715248 1.008605e-05
1.715412 1.011631e-05
1.715575 1.029143e-05
1.715739 1.058201e-05
1.715902 1.073314e-05
1.716065 1.071016e-05
1.716229 1.291826e-05
1.716392 1.569734e-05
1.716556 1.623190e-05
1.716719 2.347356e-05
1.716883 4.027603e-05
1.717046 5.701245e-05
1.717210 8.288241e-05
1.717373 1.158794e-04
1.717536 1.251219e-04
1.717700 9.612381e-05
1.717863 6.157051e-05
1.718027 4.663168e-05
1.718190 3.258592e-05
1.718354 1.777597e-05
1.718517 2.525216e-05
1.718681 6.942103e-05
1.718844 1.077987e-04
1.719008 9.831507e-05
1.719171 5.134396e-05
1.719334 2.780233e-05
1.719498 3.865696e-05
1.719661 4.308115e-05
1.719825 3.116461e-05
1.719988 1.712580e-05
1.720152 1.330884e-05
1.720315 1.523287e-05
1.720479 1.712272e-05
1.720642 7.785206e-05
1.720805 3.925087e-04
1.720969 7.130179e-04
1.721132 7.113820e-04
1.721296 4.006174e-04
1.721459 1.460589e-04
1.721623 8.087215e-05
1.721786 4.582908e-05
1.721950 3.690271e-05
1.722113 5.134307e-05
1.722277 5.091745e-05
1.722440 3.063230e-05
1.722603 1.629743e-05
1.722767 2.661019e-05
1.722930 4.556165e-05
1.723094 5.799207e-05
1.723257 5.033330e-05
1.723421 3.233824e-05
1.723584 1.905386e-05
1.723748 1.577088e-05
1.723911 2.800011e-05
1.724074 9.211290e-05
1.724238 1.817108e-04
1.724401 2.638863e-04
1.724565 6.262881e-04
1.724728 1.217223e-03
1.724892 1.402311e-03
1.725055 9.141356e-04
1.725219 2.770142e-04
1.725382 4.728483e-05
1.725546 7.355988e-05
1.725709 1.060566e-04
1.725872 9.565157e-05
1.726036 4.666251e-05
1.726199 1.652103e-05
1.726363 1.221239e-05
1.726526 1.187772e-05
1.726690 1.171366e-05
1.726853 1.246712e-05
1.727017 1.465601e-05
1.727180 1.011485e-04
1.727343 7.980564e-05
1.727507 6.869165e-05
1.727670 5.991559e-05
1.727834 3.930521e-05
1.727997 1.202522e-04
1.728161 2.854200e-04
1.728324 3.241868e-04
1.728488 2.129754e-04
1.728651 7.682471e-05
1.728815 3.867460e-05
1.728978 2.835344e-05
1.729141 1.615966e-05
1.729305 1.186326e-05
1.729468 1.115030e-05
1.729632 1.134661e-05
1.729795 1.281979e-05
1.729959 3.082439e-05
1.730122 1.096411e-04
1.730286 1.742710e-04
1.730449 1.573014e-04
1.730612 6.882138e-05
1.730776 1.800247e-05
1.730939 1.502175e-05
1.731103 2.784624e-05
1.731266 3.721700e-05
1.731430 3.814431e-05
1.731593 3.669137e-05
1.731757 3.314091e-05
1.731920 4.862775e-05
1.732084 4.799700e-05
1.732247 3.909608e-05
1.732410 2.898425e-05
1.732574 4.178351e-05
1.732737 1.644389e-04
1.732901 5.333726e-04
1.733064 7.488605e-04
1.733228 6.172983e-04
1.733391 2.289077e-04
1.733555 4.354079e-05
1.733718 3.003454e-05
1.733881 4.205192e-05
1.734045 4.787198e-05
1.734208 4.835575e-05
1.734372 4.196646e-05
1.734535 3.202354e-05
1.734699 4.392291e-05
1.734862 1.580361e-04
1.735026 3.070824e-04
1.735189 3.147521e-04
1.735353 1.917578e-04
1.735516 8.457121e-05
1.735679 1.569784e-04
1.735843 3.273401e-04
1.736006 3.578829e-04
1.736170 2.255790e-04
1.736333 5.184149e-05
1.736497 1.404728e-05
1.736660 1.287709e-05
1.736824 1.314333e-05
1.736987 1.352174e-05
1.737150 1.410216e-05
1.737314 1.465187e-05
1.737477 1.561762e-05
1.737641 1.685007e-05
1.737804 2.367927e-05
1.737968 9.679350e-05
1.738131 3.164579e-04
1.738295 7.228695e-04
1.738458 1.362282e-03
1.738622 1.656002e-03
1.738785 1.254146e-03
1.738948 4.955290e-04
1.739112 5.893346e-05
1.739275 2.285101e-05
1.739439 1.891144e-05
1.739602 1.601592e-05
1.739766 1.380182e-05
1.739929 1.301231e-05
1.740093 1.555520e-05
1.740256 2.426110e-05
1.740420 3.629367e-05
1.740583 3.928899e-05
1.740746 2.721706e-05
1.740910 1.559356e-05
1.741073 1.217836e-05
1.741237 1.855500e-05
1.741400 3.656312e-05
1.741564 5.527015e-05
1.741727 5.974449e-05
1.741891 4.711837e-05
1.742054 3.204403e-05
1.742217 2.628815e-05
1.742381 1.539954e-04
1.742544 4.598512e-04
1.742708 6.272761e-04
1.742871 4.708844e-04
1.743035 1.733001e-04
1.743198 5.700929e-05
1.743362 4.743718e-05
1.743525 3.232039e-05
1.743689 1.577851e-05
1.743852 1.404416e-05
1.744015 1.455332e-05
1.744179 1.695094e-05
1.744342 2.177226e-05
1.744506 3.790314e-05
1.744669 3.969661e-04
1.744833 1.217081e-03
1.744996 1.655959e-03
1.745160 1.188322e-03
1.745323 3.685142e-04
1.745486 3.668513e-05
1.745650 2.620194e-05
1.745813 1.636696e-05
1.745977 1.335886e-05
1.746140 1.268466e-05
1.746304 1.182717e-05
1.746467 1.131466e-05
1.746631 1.134079e-05
1.746794 1.177737e-05
1.746958 1.213931e-05
1.747121 1.191438e-05
1.747284 1.105081e-05
1.747448 1.116463e-05
1.747611 1.624510e-05
1.747775 2.351619e-05
1.747938 2.722658e-05
1.748102 3.006215e-05
1.748265 3.215763e-05
1.748429 2.930641e-05
1.748592 2.018613e-05
1.748755 1.358311e-05
1.748919 1.382073e-05
1.749082 1.477231e-05
1.749246 1.524826e-05
1.749409 1.384746e-05
1.749573 1.404716e-05
1.749736 3.316583e-05
1.749900 9.308792e-05
1.750063 1.432865e-04
1.750227 2.176177e-04
1.750390 4.448172e-04
1.750553 6.134889e-04
1.750717 4.973058e-04
1.750880 1.994732e-04
1.751044 2.279496e-05
1.751207 1.618827e-05
1.751371 4.176944e-06
1.751534 9.812876e-05
1.751698 8.963764e-05
1.751861 2.971366e-06
1.752024 1.306185e-05
1.752188 1.169224e-05
1.752351 1.357309e-05
1.752515 4.450863e-05
1.752678 1.200718e-04
1.752842 2.006176e-04
1.753005 2.026181e-04
1.753169 1.277831e-04
1.753332 5.420484e-05
1.753496 3.254417e-05
1.753659 3.759918e-05
1.753822 3.283768e-05
1.753986 3.163003e-05
1.754149 4.605290e-05
1.754313 5.514862e-05
1.754476 4.378238e-05
1.754640 2.517950e-05
1.754803 2.356847e-05
1.754967 3.150048e-05
1.755130 3.076985e-05
1.755293 1.966541e-05
1.755457 1.133258e-05
1.755620 1.018235e-05
1.755784 1.166624e-05
1.755947 -9.145650e-06
1.756111 2.755591e-04
1.756274 1.814788e-04
1.756438 -6.864639e-06
1.756601 2.031922e-05
1.756765 1.707619e-05
1.756928 1.417236e-05
1.757091 1.162149e-05
1.757255 1.042385e-05
1.757418 1.035521e-05
1.757582 1.017863e-05
1.757745 9.682782e-06
1.757909 1.016058e-05
1.758072 1.047456e-05
1.758236 1.019748e-05
1.758399 1.034835e-05
1.758562 1.006748e-05
1.758726 1.235584e-05
1.758889 1.877263e-05
1.759053 2.120056e-05
1.759216 2.213758e-05
1.759380 2.524064e-05
1.759543 2.732506e-05
1.759707 2.418886e-05
1.759870 1.771260e-05
1.760034 1.365312e-05
1.760197 1.630331e-05
1.760360 1.820815e-05
1.760524 1.687899e-05
1.760687 1.334180e-05
1.760851 1.288952e-05
1.761014 1.567069e-04
1.761178 1.069528e-04
1.761341 4.894714e-05
1.761505 4.704589e-05
1.761668 3.342771e-05
1.761831 1.989527e-05
1.761995 1.840655e-05
1.762158 3.895385e-05
1.762322 5.630595e-05
1.762485 5.729764e-05
1.762649 4.979222e-05
1.762812 4.831617e-05
1.762976 4.343551e-05
1.763139 2.365241e-05
1.763303 1.236146e-05
1.763466 1.215005e-05
1.763629 1.303770e-05
1.763793 1.366149e-05
1.763956 1.604072e-05
1.764120 1.874166e-05
1.764283 2.251206e-05
1.764447 3.051448e-05
1.764610 9.694324e-05
1.764774 3.395174e-04
1.764937 9.306038e-04
1.765100 2.880136e-03
1.765264 4.285786e-03
1.765427 3.818228e-03
1.765591 1.602679e-03
1.765754 2.398151e-04
1.765918 8.233818e-05
1.766081 1.216618e-04
1.766245 1.527745e-04
1.766408 1.748692e-04
1.766572 1.597520e-04
1.766735 3.629293e-04
1.766898 6.658135e-04
1.767062 1.350914e-03
1.767225 1.518813e-03
1.767389 9.120121e-04
1.767552 2.265662e-04
1.767716 2.601365e-05
1.767879 2.212546e-05
1.768043 2.489982e-05
1.768206 5.374400e-05
1.768369 8.771821e-05
1.768533 1.136607e-04
1.768696 1.117987e-04
1.768860 9.965103e-05
1.769023 7.684978e-05
1.769187 5.200725e-05
1.769350 5.320931e-05
1.769514 1.644689e-04
1.769677 3.624617e-04
1.769841 4.825879e-04
1.770004 3.701186e-04
1.770167 1.595331e-04
1.770331 3.592767e-05
1.770494 1.317666e-05
1.770658 1.232257e-05
1.770821 1.142333e-05
1.770985 1.362204e-05
1.771148 1.426141e-05
1.771312 1.318347e-05
1.771475 1.097624e-05
1.771638 1.037278e-05
1.771802 1.086948e-05
1.771965 1.162320e-05
1.772129 1.821518e-05
1.772292 2.751680e-05
1.772456 2.762144e-05
1.772619 2.056742e-05
1.772783 2.307083e-05
1.772946 5.289983e-05
1.773110 9.025655e-05
1.773273 1.184184e-04
1.773436 1.145503e-04
1.773600 8.678485e-05
1.773763 4.547596e-05
1.773927 1.674286e-05
1.774090 6.753391e-06
1.774254 2.393182e-05
1.774417 2.032699e-04
1.774581 5.071183e-05
1.774744 2.534188e-06
1.774907 1.067631e-05
1.775071 9.051099e-06
1.775234 9.274012e-06
1.775398 9.645732e-06
1.775561 9.305748e-06
1.775725 9.590065e-06
1.775888 9.695177e-06
1.776052 9.039359e-06
1.776215 9.320551e-06
1.776379 1.139471e-05
1.776542 1.400641e-05
1.776705 1.647167e-05
1.776869 2.130306e-05
1.777032 3.480589e-05
1.777196 4.727348e-05
1.777359 5.393087e-05
1.777523 5.501436e-05
1.777686 6.980263e-05
1.777850 8.007083e-05
1.778013 6.616285e-05
1.778176 3.545151e-05
1.778340 2.475639e-05
1.778503 3.148912e-05
1.778667 3.153185e-05
1.778830 2.182466e-05
1.778994 1.296617e-05
1.779157 1.138543e-05
1.779321 1.018175e-05
1.779484 1.054306e-05
1.779648 1.136002e-05
1.779811 1.121305e-05
1.779974 1.175073e-05
1.780138 1.276584e-05
1.780301 1.389076e-05
1.780465 1.563601e-05
1.780628 2.400361e-05
1.780792 1.516365e-04
1.780955 5.791531e-04
1.781119 8.566650e-04
1.781282 7.150370e-04
1.781445 2.632287e-04
1.781609 4.716764e-05
1.781772 4.463543e-05
1.781936 6.011427e-05
1.782099 6.128200e-05
1.782263 5.197930e-05
1.782426 4.340827e-05
1.782590 3.615254e-05
1.782753 5.988265e-05
1.782917 1.079053e-04
1.783080 1.261756e-04
1.783243 9.698307e-05
1.783407 6.933107e-05
1.783570 5.456162e-05
1.783734 3.867225e-05
1.783897 1.956830e-05
1.784061 1.534935e-05
1.784224 1.977799e-05
1.784388 2.395006e-05
1.784551 2.131183e-05
1.784714 2.129436e-05
1.784878 4.232374e-05
1.785041 6.702254e-05
1.785205 8.550817e-05
1.785368 8.108414e-05
1.785532 6.121827e-05
1.785695 3.964693e-05
1.785859 2.742352e-05
1.786022 2.622175e-05
1.786186 2.302460e-05
1.786349 1.826907e-05
1.786512 1.681280e-05
1.786676 1.984836e-05
1.786839 2.344903e-05
1.787003 2.523368e-05
1.787166 2.546003e-05
1.787330 3.140665e-05
1.787493 4.938520e-05
1.787657 4.550441e-04
1.787820 2.044917e-03
1.787983 3.410020e-03
1.788147 3.050414e-03
1.788310 1.278948e-03
1.788474 1.781490e-04
1.788637 3.086714e-05
1.788801 3.381473e-05
1.788964 2.315869e-05
1.789128 1.716792e-05
1.789291 1.640875e-05
1.789455 1.611319e-05
1.789618 1.622482e-05
1.789781 1.581947e-05
1.789945 1.532107e-05
1.790108 1.389478e-05
1.790272 1.323570e-05
1.790435 1.222654e-05
1.790599 1.155016e-05
1.790762 1.116829e-05
1.790926 1.118026e-05
1.791089 1.200938e-05
1.791252 1.297893e-05
1.791416 1.108707e-05
1.791579 8.043031e-07
1.791743 2.362916e-07
1.791906 -3.253633e-08
1.792070 -1.634951e-07
