# wavelength[micron] photons/cm^2/s/Angstrom/arcsec^2
1.140000 1.892574e-05
1.140131 1.510573e-05
1.140262 2.237146e-05
1.140393 2.344229e-05
1.140524 1.758465e-05
1.140654 4.621882e-05
1.140785 6.263462e-05
1.140916 3.936926e-05
1.141047 2.855379e-05
1.141178 2.147836e-05
1.141309 1.614511e-05
1.141440 4.261691e-05
1.141571 -3.794904e-05
1.141702 6.428582e-04
1.141832 7.912549e-04
1.141963 -6.008105e-05
1.142094 1.879546e-05
1.142225 1.224121e-05
1.142356 1.597813e-05
1.142487 1.582007e-05
1.142618 1.648323e-05
1.142749 1.566540e-05
1.142879 2.384709e-05
1.143010 4.921776e-05
1.143141 8.803179e-05
1.143272 1.117387e-04
1.143403 9.798943e-05
1.143534 6.845994e-05
1.143665 9.676342e-05
1.143796 2.322080e-04
1.143927 3.690891e-04
1.144057 3.557660e-04
1.144188 2.185920e-04
1.144319 9.251670e-05
1.144450 5.449943e-05
1.144581 4.939155e-05
1.144712 3.991937e-05
1.144843 5.186072e-05
1.144974 1.078453e-04
1.145105 1.797861e-04
1.145235 1.684410e-04
1.145366 7.981432e-05
1.145497 2.950854e-05
1.145628 1.308097e-05
1.145759 2.075629e-05
1.145890 2.406321e-05
1.146021 2.646582e-05
1.146152 2.795021e-05
1.146283 2.197975e-05
1.146413 2.295049e-05
1.146544 3.249231e-05
1.146675 5.570402e-05
1.146806 7.590433e-05
1.146937 6.746345e-05
1.147068 3.807120e-05
1.147199 1.853964e-05
1.147330 1.276294e-05
1.147461 1.388755e-05
1.147591 1.258645e-05
1.147722 1.281266e-05
1.147853 1.747730e-05
1.147984 2.080635e-05
1.148115 2.012976e-05
1.148246 1.861853e-05
1.148377 2.071680e-05
1.148508 -2.001797e-05
1.148638 2.850200e-04
1.148769 3.608726e-04
1.148900 -5.532966e-06
1.149031 3.251833e-05
1.149162 2.475044e-05
1.149293 1.734676e-05
1.149424 1.244784e-05
1.149555 1.071467e-05
1.149686 8.242028e-06
1.149816 6.575954e-06
1.149947 8.590727e-06
1.150078 8.519142e-06
1.150209 1.149929e-05
1.150340 1.692440e-05
1.150471 2.170435e-05
1.150602 3.248069e-05
1.150733 5.354667e-05
1.150864 6.637264e-05
1.150994 5.524525e-05
1.151125 3.250827e-05
1.151256 1.774639e-05
1.151387 1.338893e-05
1.151518 1.585769e-05
1.151649 1.677198e-05
1.151780 1.687199e-05
1.151911 1.852601e-05
1.152042 1.617178e-05
1.152172 1.233354e-05
1.152303 8.599304e-06
1.152434 7.584836e-06
1.152565 8.048929e-06
1.152696 7.265643e-06
1.152827 9.100782e-06
1.152958 1.020258e-05
1.153089 1.038406e-05
1.153219 1.235785e-05
1.153350 9.036453e-08
1.153481 1.368162e-04
1.153612 2.945243e-04
1.153743 4.323448e-04
1.153874 5.924937e-04
1.154005 4.483156e-04
1.154136 1.806461e-04
1.154267 3.345713e-05
1.154397 9.509367e-06
1.154528 -1.375542e-06
1.154659 9.979102e-05
1.154790 1.090476e-04
1.154921 -6.227166e-07
1.155052 1.067916e-05
1.155183 1.517899e-05
1.155314 2.093766e-05
1.155445 2.087693e-05
1.155575 1.799658e-05
1.155706 1.408377e-05
1.155837 1.028595e-05
1.155968 9.427647e-06
1.156099 1.310393e-05
1.156230 5.142284e-05
1.156361 1.461532e-04
1.156492 2.197796e-04
1.156623 1.898780e-04
1.156753 9.778900e-05
1.156884 3.463421e-05
1.157015 1.538507e-05
1.157146 1.065609e-05
1.157277 1.127717e-05
1.157408 1.496941e-05
1.157539 2.188267e-05
1.157670 2.638129e-05
1.157800 2.569682e-05
1.157931 2.910786e-05
1.158062 3.315204e-05
1.158193 2.895895e-05
1.158324 2.239590e-05
1.158455 1.666525e-05
1.158586 1.426432e-05
1.158717 1.948683e-05
1.158848 1.119360e-04
1.158978 4.100396e-04
1.159109 6.997031e-04
1.159240 6.877067e-04
1.159371 3.875695e-04
1.159502 1.035832e-04
1.159633 1.705585e-05
1.159764 1.161199e-05
1.159895 1.109037e-05
1.160026 8.644046e-06
1.160156 1.254219e-05
1.160287 1.309351e-05
1.160418 9.671936e-06
1.160549 9.984275e-06
1.160680 9.197423e-06
1.160811 2.214934e-05
1.160942 2.585739e-05
1.161073 1.877450e-05
1.161204 1.483388e-05
1.161334 1.037413e-05
1.161465 1.008828e-05
1.161596 1.193993e-05
1.161727 1.589510e-05
1.161858 2.055989e-05
1.161989 2.148703e-05
1.162120 1.642501e-05
1.162251 1.311249e-05
1.162382 1.510109e-05
1.162512 7.131504e-05
1.162643 1.859214e-04
1.162774 2.416653e-04
1.162905 1.889732e-04
1.163036 8.530116e-05
1.163167 2.195640e-05
1.163298 1.321553e-05
1.163429 2.412486e-05
1.163559 2.863897e-05
1.163690 2.745791e-05
1.163821 2.571588e-05
1.163952 2.134600e-05
1.164083 1.824646e-05
1.164214 1.733830e-05
1.164345 1.401318e-05
1.164476 1.242361e-05
1.164607 1.540299e-05
1.164737 6.641749e-05
1.164868 2.819784e-04
1.164999 5.125603e-04
1.165130 5.391249e-04
1.165261 3.314332e-04
1.165392 1.126512e-04
1.165523 3.548593e-05
1.165654 2.310251e-05
1.165785 1.552943e-05
1.165915 1.088980e-05
1.166046 8.786556e-06
1.166177 8.473221e-06
1.166308 9.385543e-06
1.166439 9.859726e-06
1.166570 9.513249e-06
1.166701 9.753013e-06
1.166832 1.126486e-05
1.166963 1.323584e-05
1.167093 1.629835e-05
1.167224 1.961999e-05
1.167355 1.907552e-05
1.167486 1.444576e-05
1.167617 1.330646e-05
1.167748 1.668979e-05
1.167879 2.068648e-05
1.168010 2.452605e-05
1.168140 2.778680e-05
1.168271 2.787258e-05
1.168402 2.419862e-05
1.168533 1.663022e-05
1.168664 1.473868e-05
1.168795 1.549841e-05
1.168926 1.630899e-05
1.169057 1.383444e-05
1.169188 1.338990e-05
1.169318 2.938164e-05
1.169449 9.149984e-05
1.169580 1.462862e-04
1.169711 1.418891e-04
1.169842 7.936763e-05
1.169973 2.253164e-05
1.170104 1.343665e-04
1.170235 6.274729e-05
1.170366 8.178617e-06
1.170496 1.922180e-05
1.170627 1.755683e-05
1.170758 1.404714e-05
1.170889 1.168627e-05
1.171020 1.227530e-05
1.171151 1.705090e-05
1.171282 5.673641e-05
1.171413 1.852106e-04
1.171544 3.148245e-04
1.171674 3.418470e-04
1.171805 1.932530e-04
1.171936 5.550348e-05
1.172067 1.419055e-05
1.172198 1.062547e-05
1.172329 1.159837e-05
1.172460 1.485725e-05
1.172591 1.805079e-05
1.172721 1.995946e-05
1.172852 1.826563e-05
1.172983 1.493470e-05
1.173114 1.299164e-05
1.173245 1.745286e-05
1.173376 2.303247e-05
1.173507 2.462154e-05
1.173638 1.876065e-05
1.173769 1.328674e-05
1.173899 9.691756e-06
1.174030 9.002509e-06
1.174161 9.334010e-06
1.174292 9.301776e-06
1.174423 8.627245e-06
1.174554 9.637911e-06
1.174685 8.874444e-06
1.174816 8.680438e-06
1.174947 9.085154e-06
1.175077 8.441142e-06
1.175208 7.853112e-06
1.175339 8.364055e-06
1.175470 8.748666e-06
1.175601 1.171330e-05
1.175732 1.594526e-05
1.175863 1.489136e-05
1.175994 1.117172e-05
1.176125 8.961289e-06
1.176255 7.800551e-06
1.176386 7.472093e-06
1.176517 8.725862e-06
1.176648 1.068406e-05
1.176779 2.252309e-05
1.176910 5.715391e-05
1.177041 8.674295e-05
1.177172 8.194638e-05
1.177303 4.671369e-05
1.177433 1.953641e-05
1.177564 1.183001e-05
1.177695 1.164461e-05
1.177826 1.207636e-05
1.177957 1.175087e-05
1.178088 1.554986e-05
1.178219 2.060548e-05
1.178350 2.290178e-05
1.178480 3.679024e-05
1.178611 9.074079e-05
1.178742 1.515204e-04
1.178873 1.493217e-04
1.179004 9.409960e-05
1.179135 4.112225e-05
1.179266 2.120708e-05
1.179397 1.525981e-05
1.179528 1.393155e-05
1.179658 1.391552e-05
1.179789 1.244600e-05
1.179920 1.154589e-05
1.180051 1.077500e-05
1.180182 1.027815e-05
1.180313 1.185565e-05
1.180444 1.558120e-05
1.180575 1.413965e-05
1.180706 1.229253e-05
1.180836 1.262914e-05
1.180967 1.277407e-05
1.181098 1.192201e-05
1.181229 9.299261e-06
1.181360 8.594414e-06
1.181491 8.573158e-06
1.181622 9.641281e-06
1.181753 9.072485e-06
1.181884 1.204796e-05
1.182014 1.535102e-05
1.182145 1.577558e-05
1.182276 1.654650e-05
1.182407 1.839186e-05
1.182538 2.057215e-05
1.182669 2.060782e-05
1.182800 1.696551e-05
1.182931 1.095074e-05
1.183061 9.501750e-06
1.183192 8.589775e-06
1.183323 8.255803e-06
1.183454 1.021151e-05
1.183585 9.972423e-06
1.183716 9.950291e-06
1.183847 1.097585e-05
1.183978 6.567758e-06
1.184109 3.543447e-05
1.184239 7.871359e-05
1.184370 1.341997e-05
1.184501 1.228556e-05
1.184632 1.226233e-05
1.184763 1.171975e-05
1.184894 1.936732e-05
1.185025 3.625552e-05
1.185156 4.394082e-05
1.185287 3.555774e-05
1.185417 1.845466e-05
1.185548 1.065935e-05
1.185679 1.027505e-05
1.185810 9.599334e-06
1.185941 9.672939e-06
1.186072 1.009981e-05
1.186203 1.097334e-05
1.186334 1.946174e-05
1.186465 4.561934e-05
1.186595 7.140181e-05
1.186726 7.007972e-05
1.186857 4.961208e-05
1.186988 2.967854e-05
1.187119 1.574057e-05
1.187250 1.390399e-05
1.187381 1.221863e-05
1.187512 8.840986e-06
1.187642 8.629161e-06
1.187773 1.080563e-05
1.187904 1.088723e-05
1.188035 1.080007e-05
1.188166 1.020289e-05
1.188297 9.890936e-06
1.188428 1.098330e-05
1.188559 1.413257e-05
1.188690 1.496340e-05
1.188820 1.423636e-05
1.188951 1.197019e-05
1.189082 1.131366e-05
1.189213 1.413134e-05
1.189344 1.677643e-05
1.189475 1.685870e-05
1.189606 1.486578e-05
1.189737 1.295283e-05
1.189868 1.439695e-05
1.189998 1.702269e-05
1.190129 1.884296e-05
1.190260 1.843877e-05
1.190391 2.215313e-05
1.190522 2.358492e-05
1.190653 2.533129e-05
1.190784 2.588159e-05
1.190915 1.844312e-05
1.191046 2.123738e-05
1.191176 3.186328e-05
1.191307 3.453745e-05
1.191438 2.865868e-05
1.191569 2.348679e-05
1.191700 1.675412e-05
1.191831 1.285032e-05
1.191962 1.249704e-05
1.192093 1.317131e-05
1.192224 1.222750e-05
1.192354 9.916364e-06
1.192485 9.016328e-06
1.192616 9.022157e-06
1.192747 8.531647e-06
1.192878 8.466781e-06
1.193009 9.588728e-06
1.193140 1.171042e-05
1.193271 1.782811e-05
1.193401 2.157883e-05
1.193532 2.333522e-05
1.193663 2.841925e-05
1.193794 3.309359e-05
1.193925 2.899904e-05
1.194056 1.874802e-05
1.194187 1.293972e-05
1.194318 9.146301e-06
1.194449 3.243622e-05
1.194579 3.009899e-05
1.194710 1.229633e-05
1.194841 1.573571e-05
1.194972 2.968283e-05
1.195103 4.256943e-05
1.195234 4.156618e-05
1.195365 2.737770e-05
1.195496 1.423318e-05
1.195627 9.923616e-06
1.195757 9.801160e-06
1.195888 8.732362e-06
1.196019 8.871035e-06
1.196150 9.007346e-06
1.196281 9.641572e-06
1.196412 1.150863e-05
1.196543 2.335759e-05
1.196674 5.590599e-05
1.196805 9.030840e-05
1.196935 9.882353e-05
1.197066 7.815747e-05
1.197197 7.696347e-05
1.197328 1.130428e-04
1.197459 1.549677e-04
1.197590 1.428777e-04
1.197721 9.018527e-05
1.197852 3.649480e-05
1.197982 1.826066e-05
1.198113 3.793985e-05
1.198244 7.462895e-05
1.198375 9.537885e-05
1.198506 8.895195e-05
1.198637 1.365799e-04
1.198768 2.327073e-04
1.198899 2.562174e-04
1.199030 1.623692e-04
1.199160 4.815606e-05
1.199291 1.199138e-05
1.199422 1.028095e-05
1.199553 1.232422e-05
1.199684 2.233526e-05
1.199815 7.062715e-05
1.199946 1.229013e-04
1.200077 1.373799e-04
1.200208 9.742795e-05
1.200338 6.787925e-05
1.200469 1.708490e-04
1.200600 3.763486e-04
1.200731 4.401476e-04
1.200862 2.985864e-04
1.200993 8.938927e-05
1.201124 1.592524e-05
1.201255 1.316076e-05
1.201386 1.608718e-05
1.201516 1.592653e-05
1.201647 1.368571e-05
1.201778 1.193293e-05
1.201909 1.144228e-05
1.202040 1.747113e-05
1.202171 6.248003e-05
1.202302 1.538567e-04
1.202433 2.002143e-04
1.202563 1.688015e-04
1.202694 9.933434e-05
1.202825 1.662228e-04
1.202956 4.068869e-04
1.203087 5.243924e-04
1.203218 4.072930e-04
1.203349 1.493355e-04
1.203480 3.142370e-05
1.203611 1.456913e-05
1.203741 1.868015e-05
1.203872 4.430239e-05
1.204003 1.433408e-05
1.204134 1.955826e-05
1.204265 2.940220e-05
1.204396 3.294221e-05
1.204527 2.578839e-05
1.204658 1.792023e-05
1.204789 1.257157e-05
1.204919 1.227807e-05
1.205050 1.391209e-05
1.205181 1.954712e-05
1.205312 6.333872e-05
1.205443 1.589736e-04
1.205574 2.160882e-04
1.205705 1.856699e-04
1.205836 9.718759e-05
1.205967 3.839745e-05
1.206097 2.286128e-05
1.206228 2.011553e-05
1.206359 2.498302e-05
1.206490 1.929107e-05
1.206621 2.441418e-05
1.206752 2.449603e-05
1.206883 2.078161e-05
1.207014 1.623769e-05
1.207145 1.348508e-05
1.207275 1.212423e-05
1.207406 1.016957e-05
1.207537 1.054177e-05
1.207668 1.016144e-05
1.207799 1.055495e-05
1.207930 1.164622e-05
1.208061 1.297703e-05
1.208192 1.367685e-05
1.208322 1.501625e-05
1.208453 1.530279e-05
1.208584 1.305895e-05
1.208715 1.057856e-05
1.208846 9.710411e-06
1.208977 1.033448e-05
1.209108 9.428699e-06
1.209239 1.173599e-05
1.209370 1.895092e-05
1.209500 2.386852e-05
1.209631 2.806840e-05
1.209762 2.634692e-05
1.209893 1.980370e-05
1.210024 1.378432e-05
1.210155 1.118675e-05
1.210286 1.086737e-05
1.210417 1.099653e-05
1.210548 1.173918e-05
1.210678 1.223872e-05
1.210809 1.135949e-05
1.210940 1.043098e-05
1.211071 1.057266e-05
1.211202 2.047544e-05
1.211333 2.063796e-05
1.211464 9.845904e-06
1.211595 1.202821e-05
1.211726 3.065061e-05
1.211856 9.525593e-05
1.211987 4.000669e-04
1.212118 9.886950e-04
1.212249 1.298584e-03
1.212380 9.773502e-04
1.212511 3.661772e-04
1.212642 3.953253e-05
1.212773 1.995682e-05
1.212903 3.624227e-05
1.213034 5.866385e-05
1.213165 6.707776e-05
1.213296 1.201487e-04
1.213427 3.047455e-04
1.213558 4.580252e-04
1.213689 4.014263e-04
1.213820 1.841126e-04
1.213951 1.199800e-05
1.214081 3.715791e-04
1.214212 2.765460e-04
1.214343 7.901317e-06
1.214474 3.158579e-05
1.214605 2.131088e-05
1.214736 2.409552e-05
1.214867 2.854904e-05
1.214998 2.439911e-05
1.215129 2.289614e-05
1.215259 6.961425e-05
1.215390 1.409861e-04
1.215521 1.656404e-04
1.215652 1.130424e-04
1.215783 8.964716e-05
1.215914 4.287671e-05
1.216045 1.626115e-05
1.216176 2.117497e-05
1.216307 1.990818e-05
1.216437 1.922232e-05
1.216568 2.177939e-05
1.216699 2.318204e-05
1.216830 1.999882e-05
1.216961 1.409869e-05
1.217092 1.271174e-05
1.217223 1.478925e-05
1.217354 1.480637e-05
1.217484 1.322415e-05
1.217615 1.445410e-05
1.217746 2.733492e-05
1.217877 4.876717e-05
1.218008 5.716178e-05
1.218139 4.321166e-05
1.218270 2.348074e-05
1.218401 1.599156e-05
1.218532 1.248837e-05
1.218662 1.109805e-05
1.218793 9.943361e-06
1.218924 1.224441e-05
1.219055 1.065810e-05
1.219186 1.152324e-05
1.219317 3.884430e-05
1.219448 1.603639e-04
1.219579 2.754471e-04
1.219710 2.672370e-04
1.219840 1.369814e-04
1.219971 3.117567e-05
1.220102 1.050085e-05
1.220233 1.183575e-05
1.220364 1.226415e-05
1.220495 1.181558e-05
1.220626 1.096302e-05
1.220757 1.301163e-05
1.220888 1.765329e-05
1.221018 2.089502e-05
1.221149 2.742350e-05
1.221280 3.220578e-05
1.221411 3.007590e-05
1.221542 2.239277e-05
1.221673 1.488575e-05
1.221804 1.143904e-05
1.221935 1.082118e-05
1.222066 1.208425e-05
1.222196 1.442709e-05
1.222327 1.598700e-05
1.222458 1.546753e-05
1.222589 7.676911e-05
1.222720 4.161034e-04
1.222851 8.448063e-04
1.222982 8.826686e-04
1.223113 5.043678e-04
1.223243 9.891282e-05
1.223374 1.509157e-05
1.223505 1.323246e-05
1.223636 1.569032e-05
1.223767 2.194165e-05
1.223898 2.736263e-05
1.224029 2.819335e-05
1.224160 2.498040e-05
1.224291 1.377887e-05
1.224421 1.159830e-05
1.224552 1.362128e-05
1.224683 2.179393e-05
1.224814 2.922482e-05
1.224945 3.277556e-05
1.225076 3.071952e-05
1.225207 2.853049e-05
1.225338 2.391786e-05
1.225469 6.679245e-05
1.225599 2.250608e-04
1.225730 3.702990e-04
1.225861 3.307257e-04
1.225992 1.529588e-04
1.226123 2.509140e-05
1.226254 1.064537e-05
1.226385 1.023222e-05
1.226516 9.350544e-06
1.226647 9.554234e-06
1.226777 9.286856e-06
1.226908 9.532337e-06
1.227039 9.675300e-06
1.227170 9.402440e-06
1.227301 8.465107e-06
1.227432 8.319227e-06
1.227563 8.728824e-06
1.227694 8.833143e-06
1.227824 8.934664e-06
1.227955 8.207126e-06
1.228086 2.938108e-05
1.228217 3.558369e-05
1.228348 6.490853e-05
1.228479 4.265555e-04
1.228610 9.360287e-04
1.228741 1.031417e-03
1.228872 6.134555e-04
1.229002 1.508956e-04
1.229133 3.310699e-05
1.229264 3.477795e-05
1.229395 2.796056e-05
1.229526 2.143417e-05
1.229657 2.220159e-05
1.229788 2.229406e-05
1.229919 4.196877e-05
1.230050 3.922080e-05
1.230180 1.823680e-05
1.230311 2.066721e-05
1.230442 1.888143e-05
1.230573 1.708675e-05
1.230704 1.572103e-05
1.230835 1.687985e-05
1.230966 1.579457e-05
1.231097 1.511679e-05
1.231228 2.082207e-05
1.231358 2.670687e-05
1.231489 2.833239e-05
1.231620 2.301916e-05
1.231751 1.453984e-05
1.231882 1.075781e-05
1.232013 1.081558e-05
1.232144 1.119231e-05
1.232275 4.391524e-05
1.232405 1.884186e-04
1.232536 3.232314e-04
1.232667 3.095209e-04
1.232798 1.511877e-04
1.232929 3.190955e-05
1.233060 9.695959e-06
1.233191 1.028778e-05
1.233322 1.032785e-05
1.233453 1.041142e-05
1.233583 1.774780e-05
1.233714 3.189376e-05
1.233845 1.960793e-05
1.233976 1.037482e-05
1.234107 1.032714e-05
1.234238 1.241565e-05
1.234369 1.693372e-05
1.234500 1.802679e-05
1.234631 1.736031e-05
1.234761 2.553955e-05
1.234892 2.000859e-04
1.235023 6.032822e-04
1.235154 8.144944e-04
1.235285 6.331471e-04
1.235416 2.318460e-04
1.235547 4.333775e-05
1.235678 1.923538e-05
1.235809 1.307327e-05
1.235939 1.305016e-05
1.236070 2.001642e-05
1.236201 2.628204e-05
1.236332 3.155977e-05
1.236463 2.576408e-05
1.236594 1.966402e-05
1.236725 1.287692e-05
1.236856 1.143543e-05
1.236987 1.098005e-05
1.237117 1.173962e-05
1.237248 1.179118e-05
1.237379 1.256251e-05
1.237510 1.613387e-05
1.237641 2.174484e-05
1.237772 2.421511e-05
1.237903 1.955776e-05
1.238034 1.337268e-05
1.238164 1.004313e-05
1.238295 1.055096e-05
1.238426 1.112687e-05
1.238557 1.095326e-05
1.238688 1.072447e-05
1.238819 1.070819e-05
1.238950 1.294065e-05
1.239081 1.943044e-05
1.239212 2.991370e-05
1.239342 3.248536e-05
1.239473 2.704990e-05
1.239604 1.519815e-05
1.239735 2.357903e-05
1.239866 9.654427e-05
1.239997 2.060662e-04
1.240128 2.239504e-04
1.240259 1.394688e-04
1.240390 3.714598e-05
1.240520 1.294291e-05
1.240651 1.186102e-05
1.240782 9.889530e-06
1.240913 8.664634e-06
1.241044 9.524351e-06
1.241175 9.992275e-06
1.241306 1.166092e-05
1.241437 1.228342e-05
1.241568 1.268269e-05
1.241698 1.361124e-05
1.241829 1.159881e-05
1.241960 2.710793e-05
1.242091 1.559269e-04
1.242222 3.818225e-04
1.242353 4.615830e-04
1.242484 3.313467e-04
1.242615 1.146742e-04
1.242745 3.400404e-05
1.242876 2.435172e-05
1.243007 1.565996e-05
1.243138 1.154644e-05
1.243269 1.182983e-05
1.243400 1.181036e-05
1.243531 1.141448e-05
1.243662 1.013675e-05
1.243793 9.712013e-06
1.243923 1.004778e-05
1.244054 1.169227e-05
1.244185 1.470036e-05
1.244316 1.654220e-05
1.244447 1.468808e-05
1.244578 1.483188e-05
1.244709 1.814253e-05
1.244840 1.996083e-05
1.244971 1.976007e-05
1.245101 2.264649e-05
1.245232 2.503773e-05
1.245363 2.068668e-05
1.245494 1.666005e-05
1.245625 1.698304e-05
1.245756 1.689964e-05
1.245887 1.478353e-05
1.246018 1.224364e-05
1.246149 1.302808e-05
1.246279 1.446266e-05
1.246410 1.287093e-05
1.246541 2.023579e-05
1.246672 2.088821e-05
1.246803 1.623441e-05
1.246934 2.132232e-05
1.247065 2.497695e-05
1.247196 2.638613e-05
1.247326 2.576886e-05
1.247457 2.912264e-05
1.247588 3.369932e-05
1.247719 3.344098e-05
1.247850 2.828720e-05
1.247981 4.087053e-05
1.248112 9.632034e-05
1.248243 1.417249e-04
1.248374 1.252696e-04
1.248504 7.281568e-05
1.248635 4.047659e-05
1.248766 2.704619e-05
1.248897 1.682229e-05
1.249028 1.208662e-05
1.249159 1.100420e-05
1.249290 1.115435e-05
1.249421 1.520020e-05
1.249552 2.115249e-05
1.249682 2.273810e-05
1.249813 2.017404e-05
1.249944 5.234471e-05
1.250075 1.499701e-04
1.250206 2.251619e-04
1.250337 1.932484e-04
1.250468 9.088808e-05
1.250599 2.288176e-05
1.250730 1.110549e-05
1.250860 1.677207e-05
1.250991 2.608453e-05
1.251122 3.093898e-05
1.251253 2.617816e-05
1.251384 1.779968e-05
1.251515 1.449682e-05
1.251646 1.307470e-05
1.251777 1.223011e-05
1.251908 1.223946e-05
1.252038 1.334531e-05
1.252169 1.386087e-05
1.252300 1.564115e-05
1.252431 2.899144e-05
1.252562 4.443681e-05
1.252693 4.515368e-05
1.252824 2.936653e-05
1.252955 1.679909e-05
1.253085 1.420558e-05
1.253216 1.402407e-05
1.253347 1.245528e-05
1.253478 1.080892e-05
1.253609 1.114407e-05
1.253740 1.213479e-05
1.253871 1.391907e-05
1.254002 2.950753e-05
1.254133 5.295365e-05
1.254263 6.121541e-05
1.254394 4.220057e-05
1.254525 1.964834e-05
1.254656 1.418312e-05
1.254787 1.354381e-05
1.254918 1.179115e-05
1.255049 1.134017e-05
1.255180 1.145184e-05
1.255311 1.161618e-05
1.255441 1.363020e-05
1.255572 3.514179e-05
1.255703 5.433902e-05
1.255834 5.671392e-05
1.255965 4.207336e-05
1.256096 2.197765e-05
1.256227 1.648458e-05
1.256358 1.715487e-05
1.256489 1.521266e-05
1.256619 1.251425e-05
1.256750 1.443117e-05
1.256881 2.913114e-05
1.257012 6.217062e-05
1.257143 8.736064e-05
1.257274 9.626165e-05
1.257405 7.847330e-05
1.257536 5.389466e-05
1.257666 2.910429e-05
1.257797 1.482479e-05
1.257928 1.393654e-05
1.258059 1.290858e-05
1.258190 1.418267e-05
1.258321 1.516247e-05
1.258452 1.714684e-05
1.258583 3.410739e-05
1.258714 7.648922e-05
1.258844 1.264913e-04
1.258975 1.482390e-04
1.259106 1.216795e-04
1.259237 7.185112e-05
1.259368 3.825395e-05
1.259499 2.651118e-05
1.259630 3.334645e-05
1.259761 3.891872e-05
1.259892 3.970974e-05
1.260022 4.266896e-05
1.260153 4.255466e-05
1.260284 5.265534e-05
1.260415 6.552333e-05
1.260546 8.320997e-05
1.260677 1.065969e-04
1.260808 1.160739e-04
1.260939 1.142597e-04
1.261070 9.783895e-05
1.261200 9.409146e-05
1.261331 9.867297e-05
1.261462 9.703235e-05
1.261593 9.640650e-05
1.261724 9.214349e-05
1.261855 8.652067e-05
1.261986 7.986248e-05
1.262117 7.025558e-05
1.262247 7.414517e-05
1.262378 9.227320e-05
1.262509 1.039241e-04
1.262640 9.830627e-05
1.262771 7.252312e-05
1.262902 5.166143e-05
1.263033 4.781977e-05
1.263164 5.048147e-05
1.263295 5.628419e-05
1.263425 5.460852e-05
1.263556 4.524287e-05
1.263687 3.640284e-05
1.263818 3.338869e-05
1.263949 4.320195e-05
1.264080 7.265529e-05
1.264211 9.473669e-05
1.264342 8.910696e-05
1.264473 5.646983e-05
1.264603 3.158883e-05
1.264734 3.596621e-05
1.264865 4.383414e-05
1.264996 4.117755e-05
1.265127 3.264307e-05
1.265258 2.675420e-05
1.265389 2.548925e-05
1.265520 3.896380e-05
1.265651 5.074632e-05
1.265781 6.383881e-05
1.265912 9.414916e-05
1.266043 1.144604e-04
1.266174 9.804249e-05
1.266305 7.270582e-05
1.266436 8.550825e-05
1.266567 1.120734e-04
1.266698 1.114387e-04
1.266829 8.096488e-05
1.266959 1.071329e-04
1.267090 6.175428e-05
1.267221 8.043410e-05
1.267352 1.519388e-04
1.267483 1.724189e-04
1.267614 1.210414e-04
1.267745 5.670302e-05
1.267876 3.331963e-05
1.268006 4.540455e-05
1.268137 1.640109e-04
1.268268 3.985568e-04
1.268399 6.203465e-04
1.268530 6.683261e-04
1.268661 5.582458e-04
1.268792 4.428455e-04
1.268923 3.713157e-04
1.269054 3.352580e-04
1.269184 3.174076e-04
1.269315 2.941136e-04
1.269446 3.827054e-04
1.269577 3.634954e-04
1.269708 3.721228e-04
1.269839 3.567455e-04
1.269970 3.083339e-04
1.270101 2.438366e-04
1.270232 1.658308e-04
1.270362 9.007644e-05
1.270493 9.323775e-05
1.270624 1.244467e-04
1.270755 1.501506e-04
1.270886 1.905386e-04
1.271017 1.862142e-04
1.271148 1.487344e-04
1.271279 6.692314e-05
1.271410 3.379301e-05
1.271540 5.652061e-05
1.271671 8.104994e-05
1.271802 1.105412e-04
1.271933 1.386583e-04
1.272064 1.265329e-04
1.272195 9.378607e-05
1.272326 9.547247e-05
1.272457 1.639811e-04
1.272587 1.990649e-04
1.272718 1.615117e-04
1.272849 1.237730e-04
1.272980 1.271794e-04
1.273111 1.133356e-04
1.273242 6.851326e-05
1.273373 2.647485e-05
1.273504 3.212626e-05
1.273635 6.979136e-05
1.273765 1.008624e-04
1.273896 1.264031e-04
1.274027 1.395111e-04
1.274158 1.481305e-04
1.274289 1.955779e-04
1.274420 2.316942e-04
1.274551 2.468310e-04
1.274682 2.339643e-04
1.274813 2.477650e-04
1.274943 2.830926e-04
1.275074 3.634374e-04
1.275205 4.553238e-04
1.275336 4.071852e-04
1.275467 2.246714e-04
1.275598 7.171925e-05
1.275729 8.304394e-05
1.275860 1.897816e-04
1.275991 2.921820e-04
1.276121 3.813322e-04
1.276252 5.554240e-04
1.276383 6.998897e-04
1.276514 5.886056e-04
1.276645 2.810179e-04
1.276776 5.777012e-05
1.276907 7.276170e-05
1.277038 1.407512e-04
1.277168 1.800054e-04
1.277299 1.865814e-04
1.277430 2.073333e-04
1.277561 2.809522e-04
1.277692 2.948816e-04
1.277823 2.093125e-04
1.277954 1.727142e-04
1.278085 4.584051e-04
1.278216 8.480815e-04
1.278346 8.948401e-04
1.278477 5.927548e-04
1.278608 2.571329e-04
1.278739 1.063624e-04
1.278870 3.824007e-05
1.279001 1.486263e-05
1.279132 1.589266e-05
1.279263 3.289123e-05
1.279394 5.845931e-05
1.279524 7.718504e-05
1.279655 8.143381e-05
1.279786 8.400285e-05
1.279917 1.629406e-04
1.280048 2.848046e-04
1.280179 3.548299e-04
1.280310 3.312248e-04
1.280441 4.018964e-04
1.280572 6.465749e-04
1.280702 7.424572e-04
1.280833 5.284140e-04
1.280964 1.961695e-04
1.281095 3.854468e-05
1.281226 2.107689e-05
1.281357 1.286347e-05
1.281488 1.155714e-05
1.281619 1.132812e-05
1.281750 1.602026e-05
1.281880 2.159727e-05
1.282011 2.385357e-05
1.282142 3.121407e-05
1.282273 8.679184e-05
1.282404 1.488931e-04
1.282535 1.532442e-04
1.282666 8.755988e-05
1.282797 2.760935e-05
1.282927 2.098027e-05
1.283058 3.460676e-05
1.283189 9.701217e-05
1.283320 2.207464e-04
1.283451 2.811633e-04
1.283582 2.126832e-04
1.283713 7.821088e-05
1.283844 1.542357e-05
1.283975 1.094641e-05
1.284105 1.063850e-05
1.284236 1.880099e-05
1.284367 6.540004e-05
1.284498 1.123742e-04
1.284629 1.119700e-04
1.284760 5.985375e-05
1.284891 1.900519e-05
1.285022 1.079993e-05
1.285153 1.059829e-05
1.285283 1.063539e-05
1.285414 9.319901e-06
1.285545 1.099349e-05
1.285676 1.172313e-05
1.285807 1.153691e-05
1.285938 1.193169e-05
1.286069 1.268501e-05
1.286200 1.479302e-05
1.286331 1.875262e-05
1.286461 4.430192e-05
1.286592 7.532792e-05
1.286723 7.718717e-05
1.286854 4.616139e-05
1.286985 2.266515e-05
1.287116 2.393708e-05
1.287247 2.855679e-05
1.287378 2.413661e-05
1.287508 1.612569e-05
1.287639 1.043588e-05
1.287770 8.362956e-06
1.287901 1.059508e-05
1.288032 1.894614e-05
1.288163 3.189766e-05
1.288294 3.971602e-05
1.288425 3.446418e-05
1.288556 3.034936e-05
1.288686 4.231530e-05
1.288817 4.984283e-05
1.288948 3.895479e-05
1.289079 2.174545e-05
1.289210 2.525241e-05
1.289341 3.977018e-05
1.289472 5.200096e-05
1.289603 5.294620e-05
1.289734 4.510407e-05
1.289864 3.593280e-05
1.289995 3.798042e-05
1.290126 9.108531e-05
1.290257 3.439964e-04
1.290388 1.075759e-03
1.290519 1.714340e-03
1.290650 1.548877e-03
1.290781 7.498306e-04
1.290912 1.389592e-04
1.291042 4.064495e-05
1.291173 3.543645e-05
1.291304 3.754039e-05
1.291435 5.950649e-05
1.291566 7.144380e-05
1.291697 6.391906e-05
1.291828 1.411446e-04
1.291959 4.405706e-04
1.292089 6.591115e-04
1.292220 5.650544e-04
1.292351 2.341639e-04
1.292482 3.792999e-05
1.292613 1.357603e-05
1.292744 1.382941e-05
1.292875 1.472828e-05
1.293006 1.734607e-05
1.293137 1.947088e-05
1.293267 1.910912e-05
1.293398 2.345368e-05
1.293529 3.236579e-05
1.293660 3.318844e-05
1.293791 2.429738e-05
1.293922 1.926923e-05
1.294053 6.984274e-05
1.294184 1.835356e-04
1.294315 2.474265e-04
1.294445 1.948915e-04
1.294576 8.201215e-05
1.294707 2.766220e-05
1.294838 1.363666e-05
1.294969 1.411495e-05
1.295100 1.612121e-05
1.295231 2.250385e-05
1.295362 2.888589e-05
1.295493 2.960694e-05
1.295623 2.212238e-05
1.295754 1.398586e-05
1.295885 1.507062e-05
1.296016 1.612947e-05
1.296147 1.768632e-05
1.296278 2.058994e-05
1.296409 2.198231e-05
1.296540 1.921541e-05
1.296671 1.361956e-05
1.296801 1.420682e-05
1.296932 2.975400e-05
1.297063 6.115726e-05
1.297194 8.288743e-05
1.297325 7.174321e-05
1.297456 4.107043e-05
1.297587 1.904225e-05
1.297718 1.503825e-05
1.297848 1.706803e-05
1.297979 -4.176770e-06
1.298110 1.662254e-04
1.298241 2.279996e-04
1.298372 1.889184e-04
1.298503 3.804949e-04
1.298634 3.724155e-04
1.298765 1.988614e-04
1.298896 4.160489e-05
1.299026 1.091511e-05
1.299157 1.001925e-05
1.299288 1.025749e-05
1.299419 1.273761e-05
1.299550 1.750170e-05
1.299681 2.111367e-05
1.299812 2.161644e-05
1.299943 2.219201e-05
1.300074 2.986767e-05
1.300204 3.983200e-05
1.300335 3.863902e-05
1.300466 3.059018e-05
1.300597 2.567442e-05
1.300728 2.801977e-05
1.300859 2.965698e-05
1.300990 2.694027e-05
1.301121 2.919480e-05
1.301252 3.636941e-05
1.301382 4.338269e-05
1.301513 4.041401e-05
1.301644 3.219836e-05
1.301775 3.783091e-05
1.301906 3.403953e-04
1.302037 9.714871e-04
1.302168 1.288312e-03
1.302299 9.526600e-04
1.302429 3.224351e-04
1.302560 3.379668e-05
1.302691 1.331816e-05
1.302822 1.100829e-05
1.302953 1.040656e-05
1.303084 9.752675e-06
1.303215 9.304733e-06
1.303346 9.913569e-06
1.303477 1.000138e-05
1.303607 9.852756e-06
1.303738 9.111167e-06
1.303869 8.315859e-06
1.304000 8.618958e-06
1.304131 9.969674e-06
1.304262 1.211769e-05
1.304393 1.373248e-05
1.304524 1.436033e-05
1.304655 1.339833e-05
1.304785 1.627218e-05
1.304916 4.290960e-05
1.305047 2.258379e-04
1.305178 4.926919e-04
1.305309 5.648496e-04
1.305440 3.680341e-04
1.305571 1.110177e-04
1.305702 2.444371e-05
1.305833 1.691519e-05
1.305963 1.642404e-05
1.306094 1.728468e-05
1.306225 1.485542e-05
1.306356 1.113395e-05
1.306487 9.368972e-06
1.306618 8.694412e-06
1.306749 7.697350e-06
1.306880 7.646202e-06
1.307010 7.761555e-06
1.307141 8.202567e-06
1.307272 9.164615e-06
1.307403 9.331744e-06
1.307534 9.863059e-06
1.307665 9.983318e-06
1.307796 1.118524e-05
1.307927 9.918954e-06
1.308058 2.387444e-05
1.308188 2.409428e-04
1.308319 7.062799e-04
1.308450 1.371931e-03
1.308581 1.443052e-03
1.308712 8.344899e-04
1.308843 1.908783e-04
1.308974 2.770465e-05
1.309105 1.706738e-05
1.309236 1.094842e-05
1.309366 1.040718e-05
1.309497 1.068805e-05
1.309628 9.047865e-06
1.309759 8.491629e-06
1.309890 9.626890e-06
1.310021 1.264021e-05
1.310152 1.371844e-05
1.310283 1.250772e-05
1.310414 1.460767e-05
1.310544 1.925161e-05
1.310675 2.036164e-05
1.310806 1.720059e-05
1.310937 1.328650e-05
1.311068 1.028232e-05
1.311199 8.452134e-06
1.311330 7.614366e-06
1.311461 7.807588e-06
1.311592 8.087532e-06
1.311722 9.310050e-06
1.311853 1.041536e-05
1.311984 9.056243e-06
1.312115 9.787014e-06
1.312246 1.629321e-05
1.312377 3.274699e-05
1.312508 1.293562e-04
1.312639 3.652454e-04
1.312769 5.013304e-04
1.312900 4.140595e-04
1.313031 1.764739e-04
1.313162 5.257884e-05
1.313293 2.796410e-05
1.313424 1.620353e-05
1.313555 1.089237e-05
1.313686 1.269296e-05
1.313817 2.170634e-05
1.313947 3.448082e-05
1.314078 4.047176e-05
1.314209 4.318745e-05
1.314340 3.454233e-05
1.314471 2.499570e-05
1.314602 1.466897e-05
1.314733 1.211414e-05
1.314864 1.135109e-05
1.314995 1.258399e-05
1.315125 1.163390e-05
1.315256 1.907041e-05
1.315387 1.884543e-04
1.315518 6.699373e-04
1.315649 1.069112e-03
1.315780 9.341765e-04
1.315911 4.196467e-04
1.316042 6.708913e-05
1.316173 1.660943e-05
1.316303 1.282239e-05
1.316434 1.361014e-05
1.316565 1.228050e-05
1.316696 1.066562e-05
1.316827 1.018329e-05
1.316958 8.860291e-06
1.317089 8.796222e-06
1.317220 9.096458e-06
1.317350 9.057212e-06
1.317481 9.121386e-06
1.317612 8.782630e-06
1.317743 9.415650e-06
1.317874 9.991820e-06
1.318005 1.025365e-05
1.318136 8.939171e-06
1.318267 7.749789e-06
1.318398 8.080585e-06
1.318528 8.322640e-06
1.318659 8.859470e-06
1.318790 1.063390e-05
1.318921 1.124192e-05
1.319052 1.018457e-05
1.319183 8.857517e-06
1.319314 7.884217e-06
1.319445 7.296606e-06
1.319576 6.961195e-06
1.319706 7.912266e-06
1.319837 8.025212e-06
1.319968 7.839848e-06
1.320099 8.223950e-06
1.320230 8.473015e-06
1.320361 8.316192e-06
1.320492 8.474382e-06
1.320623 1.070738e-05
1.320754 4.688336e-05
1.320884 1.925034e-04
1.321015 3.415083e-04
1.321146 3.345630e-04
1.321277 1.818894e-04
1.321408 4.112740e-05
1.321539 1.830152e-05
1.321670 2.238204e-05
1.321801 2.152412e-05
1.321931 1.933751e-05
1.322062 2.179598e-05
1.322193 2.664031e-05
1.322324 2.450877e-05
1.322455 1.689099e-05
1.322586 1.484614e-05
1.322717 1.734244e-05
1.322848 1.712562e-05
1.322979 1.360582e-05
1.323109 1.225182e-05
1.323240 2.520165e-05
1.323371 1.707401e-04
1.323502 5.034749e-04
1.323633 7.148977e-04
1.323764 5.838416e-04
1.323895 2.480131e-04
1.324026 4.167584e-05
1.324157 1.158029e-05
1.324287 1.573055e-05
1.324418 1.306099e-05
1.324549 1.966640e-05
1.324680 3.010629e-05
1.324811 2.838354e-05
1.324942 1.752665e-05
1.325073 9.478934e-06
1.325204 8.480773e-06
1.325335 8.382182e-06
1.325465 9.624660e-06
1.325596 9.949919e-06
1.325727 1.560462e-05
1.325858 1.294573e-05
1.325989 7.914788e-06
1.326120 7.279602e-06
1.326251 6.811159e-06
1.326382 6.548671e-06
1.326513 1.654075e-05
1.326643 3.209970e-05
1.326774 3.411982e-05
1.326905 2.963820e-05
1.327036 2.220589e-05
1.327167 1.355660e-05
1.327298 2.481988e-05
1.327429 2.195005e-05
1.327560 2.392182e-05
1.327690 3.111473e-05
1.327821 3.225658e-05
1.327952 2.864766e-05
1.328083 2.336979e-05
1.328214 1.445435e-05
1.328345 7.334332e-06
1.328476 5.316977e-06
1.328607 6.084131e-06
1.328738 6.043706e-06
1.328868 6.729078e-06
1.328999 6.234860e-06
1.329130 6.704098e-06
1.329261 6.384585e-06
1.329392 7.495966e-06
1.329523 1.029028e-05
1.329654 1.694811e-05
1.329785 2.614567e-05
1.329916 5.415173e-05
1.330046 1.170345e-04
1.330177 1.518276e-04
1.330308 1.218124e-04
1.330439 5.028843e-05
1.330570 1.325219e-05
1.330701 7.526213e-06
1.330832 6.958061e-06
1.330963 6.686234e-06
1.331094 5.598527e-06
1.331224 5.935715e-06
1.331355 5.954554e-06
1.331486 6.627231e-06
1.331617 6.983652e-06
1.331748 7.177402e-06
1.331879 6.978481e-06
1.332010 1.029631e-05
1.332141 5.276619e-05
1.332271 1.866448e-04
1.332402 3.108812e-04
1.332533 3.049317e-04
1.332664 1.674986e-04
1.332795 4.461775e-05
1.332926 9.486198e-06
1.333057 7.814650e-06
1.333188 8.437797e-06
1.333319 7.967630e-06
1.333449 8.250385e-06
1.333580 1.030570e-05
1.333711 1.892658e-05
1.333842 3.163469e-05
1.333973 1.500173e-05
1.334104 1.027409e-05
1.334235 1.106476e-05
1.334366 1.282250e-05
1.334497 8.574493e-06
1.334627 9.801803e-06
1.334758 1.053206e-05
1.334889 1.061320e-05
1.335020 1.297247e-05
1.335151 1.575391e-05
1.335282 1.609615e-05
1.335413 1.204812e-05
1.335544 8.493390e-06
1.335675 6.377501e-06
1.335805 6.446287e-06
1.335936 7.583728e-06
1.336067 1.133320e-05
1.336198 1.397149e-05
1.336329 1.319320e-05
1.336460 9.779563e-06
1.336591 7.325532e-06
1.336722 7.312445e-06
1.336852 6.527696e-06
1.336983 6.168508e-06
1.337114 6.333968e-06
1.337245 6.603300e-06
1.337376 6.514737e-06
1.337507 6.301672e-06
1.337638 6.843356e-06
1.337769 6.423733e-06
1.337900 6.136918e-06
1.338030 7.227499e-06
1.338161 6.805191e-06
1.338292 7.550479e-06
1.338423 7.914608e-06
1.338554 7.701817e-06
1.338685 7.127024e-06
1.338816 7.661242e-06
1.338947 7.292715e-06
1.339078 8.410870e-06
1.339208 1.072311e-05
1.339339 1.509359e-05
1.339470 1.782846e-05
1.339601 1.690469e-05
1.339732 2.374016e-05
1.339863 5.314319e-05
1.339994 9.942023e-05
1.340125 1.032074e-04
1.340256 1.137814e-04
1.340386 2.011338e-04
1.340517 2.480160e-05
1.340648 9.204341e-06
1.340779 9.303310e-06
1.340910 6.653431e-06
1.341041 8.628285e-06
1.341172 1.304304e-05
1.341303 2.113299e-05
1.341434 2.693114e-05
1.341564 2.808344e-05
1.341695 2.528564e-05
1.341826 5.040270e-05
1.341957 1.224789e-04
1.342088 2.019191e-04
1.342219 2.099922e-04
1.342350 1.313653e-04
1.342481 5.466090e-05
1.342611 2.807251e-05
1.342742 2.244751e-05
1.342873 1.491914e-05
1.343004 8.729656e-06
1.343135 7.609882e-06
1.343266 7.312401e-06
1.343397 8.043990e-06
1.343528 8.824974e-06
1.343659 1.348245e-05
1.343789 -1.486349e-05
1.343920 1.701556e-04
1.344051 5.034282e-04
1.344182 1.299576e-05
1.344313 4.338212e-06
1.344444 8.490761e-06
1.344575 9.786884e-06
1.344706 1.511790e-05
1.344837 1.768112e-05
1.344967 1.544739e-05
1.345098 9.994456e-06
1.345229 8.753089e-06
1.345360 8.501283e-06
1.345491 7.485199e-06
1.345622 7.347394e-06
1.345753 7.425778e-06
1.345884 6.880547e-06
1.346015 7.364025e-06
1.346145 8.082373e-06
1.346276 7.574463e-06
1.346407 5.910180e-06
1.346538 6.647958e-06
1.346669 6.744077e-06
1.346800 7.549105e-06
1.346931 6.977700e-06
1.347062 7.817410e-06
1.347192 7.844009e-06
1.347323 7.993260e-06
1.347454 6.460200e-06
1.347585 8.124003e-06
1.347716 -1.177422e-05
1.347847 1.238882e-04
1.347978 2.743219e-04
1.348109 -1.852605e-06
1.348240 6.290104e-06
1.348370 5.271096e-06
1.348501 5.002214e-06
1.348632 5.625239e-06
1.348763 6.229654e-06
1.348894 6.635375e-06
1.349025 7.208127e-06
1.349156 7.785428e-06
1.349287 8.741876e-06
1.349418 9.887140e-06
1.349548 8.395590e-06
1.349679 7.459869e-06
1.349810 9.462033e-06
1.349941 9.653235e-06
1.350072 9.207454e-06
1.350203 9.654286e-06
1.350334 9.682984e-06
1.350465 9.987647e-06
1.350596 2.165330e-05
1.350726 4.237920e-05
1.350857 1.259964e-04
1.350988 1.669291e-04
1.351119 4.504219e-05
1.351250 2.979031e-05
1.351381 2.393830e-05
1.351512 1.810991e-05
1.351643 1.164202e-05
1.351773 7.177987e-06
1.351904 9.969001e-06
1.352035 1.212253e-05
1.352166 1.788293e-05
1.352297 -3.769334e-05
1.352428 4.588462e-04
1.352559 7.849946e-04
1.352690 6.063933e-05
1.352821 1.039782e-04
1.352951 5.920688e-05
1.353082 2.404195e-05
1.353213 1.077586e-05
1.353344 1.248830e-05
1.353475 1.246541e-05
1.353606 1.062258e-05
1.353737 8.712753e-06
1.353868 1.197018e-05
1.353999 1.292150e-05
1.354129 1.276553e-05
1.354260 1.285243e-05
1.354391 1.362765e-05
1.354522 1.359269e-05
1.354653 1.249249e-05
1.354784 1.289688e-05
1.354915 1.237664e-05
1.355046 1.379624e-05
1.355177 1.552400e-05
1.355307 1.538318e-05
1.355438 1.414955e-05
1.355569 1.156846e-05
1.355700 1.217606e-05
1.355831 1.277443e-05
1.355962 1.355723e-05
1.356093 1.499737e-05
1.356224 1.454544e-05
1.356355 1.698387e-05
1.356485 1.761857e-05
1.356616 1.796580e-05
1.356747 1.737625e-05
1.356878 1.478731e-05
1.357009 1.078990e-05
1.357140 1.640957e-05
1.357271 2.168088e-05
1.357402 2.357748e-05
1.357532 2.359175e-05
1.357663 2.095707e-05
1.357794 1.981960e-05
1.357925 2.228383e-05
1.358056 2.300375e-05
1.358187 2.183081e-05
1.358318 3.433196e-05
1.358449 -1.005704e-04
1.358580 1.062939e-03
1.358710 1.306346e-03
1.358841 -1.064051e-04
1.358972 2.938445e-05
1.359103 1.113395e-05
1.359234 1.093830e-05
1.359365 1.501393e-05
1.359496 2.450436e-05
1.359627 2.967943e-05
1.359758 2.689766e-05
1.359888 2.449233e-05
1.360019 1.808161e-05
